-20 -0.0486168 -0.00171099
-19.8 -0.0490862 -0.00170543
-19.6 -0.0495685 -0.00171109
-19.4 -0.0500809 -0.00173319
-19.2 -0.0506131 -0.00176815
-19 -0.0511571 -0.00181104
-18.8 -0.0517093 -0.00185827
-18.6 -0.0522686 -0.00190777
-18.4 -0.0528354 -0.00195845
-18.2 -0.0534106 -0.00200986
-18 -0.0539953 -0.00206185
-17.8 -0.0545909 -0.00211479
-17.6 -0.0551972 -0.00216804
-17.4 -0.0558156 -0.00222211
-17.2 -0.056447 -0.00227717
-17 -0.0570921 -0.00233337
-16.8 -0.0577514 -0.00239085
-16.6 -0.0584257 -0.00244978
-16.4 -0.0591156 -0.00251028
-16.2 -0.0598218 -0.00257252
-16 -0.0605448 -0.00263659
-15.8 -0.0612856 -0.00270269
-15.6 -0.0620445 -0.00277077
-15.4 -0.0628225 -0.00284106
-15.2 -0.0636202 -0.0029137
-15 -0.0644385 -0.00298886
-14.8 -0.0652781 -0.00306668
-14.6 -0.06614 -0.00314732
-14.4 -0.067025 -0.00323094
-14.2 -0.0679342 -0.00331772
-14 -0.0688685 -0.00340784
-13.8 -0.069829 -0.00350159
-13.6 -0.0708168 -0.00359895
-13.4 -0.071833 -0.00370026
-13.2 -0.072879 -0.00380573
-13 -0.073956 -0.00391561
-12.8 -0.0750656 -0.00403016
-12.6 -0.0762092 -0.00414966
-12.4 -0.0773884 -0.00427441
-12.2 -0.0786049 -0.00440471
-12 -0.0798606 -0.00454093
-11.8 -0.0811573 -0.00468347
-11.6 -0.0824972 -0.00483265
-11.4 -0.0838825 -0.00498893
-11.2 -0.0853156 -0.00515281
-11 -0.0867989 -0.00532477
-10.8 -0.0883353 -0.00550538
-10.6 -0.0899277 -0.00569524
-10.4 -0.0915793 -0.00589501
-10.2 -0.0932936 -0.0061054
-10 -0.0950741 -0.00632722
-9.8 -0.0969251 -0.00656141
-9.6 -0.0988507 -0.00680877
-9.4 -0.100856 -0.00707044
-9.2 -0.102945 -0.0073476
-9 -0.105125 -0.00764158
-8.8 -0.107402 -0.00795383
-8.6 -0.109781 -0.00828602
-8.4 -0.112271 -0.00864001
-8.2 -0.11488 -0.00901791
-8 -0.117617 -0.0094221
-7.8 -0.120492 -0.00985534
-7.6 -0.123516 -0.0103207
-7.4 -0.126701 -0.0108217
-7.2 -0.130062 -0.0113628
-7 -0.133614 -0.0119489
-6.8 -0.137375 -0.0125859
-6.6 -0.141364 -0.0132808
-6.4 -0.145605 -0.0140421
-6.2 -0.150122 -0.01488
-6 -0.154946 -0.0158071
-5.8 -0.16011 -0.0168388
-5.6 -0.165652 -0.0179941
-5.4 -0.171617 -0.0192974
-5.2 -0.178057 -0.0207794
-5 -0.185031 -0.0224795
-4.8 -0.192608 -0.0244489
-4.6 -0.200866 -0.0267543
-4.4 -0.209894 -0.0294838
-4.2 -0.219795 -0.0327546
-4 -0.230678 -0.0367235
-3.8 -0.242657 -0.0416009
-3.6 -0.255841 -0.0476693
-3.4 -0.270309 -0.0553058
-3.2 -0.286071 -0.0650055
-3 -0.303001 -0.0773968
-2.8 -0.320726 -0.0932265
-2.6 -0.338483 -0.113272
-2.4 -0.354976 -0.138114
-2.2 -0.368367 -0.167709
-2 -0.376638 -0.200847
-1.8 -0.378522 -0.234846
-1.6 -0.374745 -0.2661
-1.4 -0.368688 -0.291648
-1.2 -0.365736 -0.310927
-1 -0.371893 -0.326583
-0.8 -0.392952 -0.344682
-0.6 -0.434586 -0.376289
-0.4 -0.500577 -0.443945
-0.2 -0.57495 -0.596523
0 -0.541188 -0.888512
0.2 -0.207789 -1.11185
0.4 0.118467 -0.994263
0.6 0.225713 -0.815752
0.8 0.245688 -0.707324
1 0.253256 -0.651646
1.2 0.271146 -0.623155
1.4 0.305396 -0.603073
1.6 0.354084 -0.576297
1.8 0.408006 -0.53208
2 0.453331 -0.468278
2.2 0.478938 -0.392695
2.4 0.482372 -0.317418
2.6 0.468623 -0.251481
2.8 0.444949 -0.198316
3 0.417252 -0.15738
3.2 0.389188 -0.126493
3.4 0.36262 -0.10328
3.6 0.338312 -0.0857312
3.8 0.316438 -0.0723134
4 0.296894 -0.0619081
4.2 0.279462 -0.0537154
4.4 0.263896 -0.0471647
4.6 0.249955 -0.041848
4.8 0.237423 -0.0374713
5 0.22611 -0.0338207
5.2 0.215855 -0.0307382
5.4 0.206518 -0.0281065
5.6 0.197985 -0.0258369
5.8 0.190155 -0.0238614
6 0.182944 -0.0221277
6.2 0.17628 -0.0205951
6.4 0.170103 -0.019231
6.6 0.16436 -0.0180097
6.8 0.159006 -0.0169103
7 0.154001 -0.0159157
7.2 0.149312 -0.015012
7.4 0.144908 -0.0141876
7.6 0.140764 -0.0134327
7.8 0.136857 -0.0127392
8 0.133166 -0.0121001
8.2 0.129674 -0.0115096
8.4 0.126364 -0.0109627
8.6 0.123223 -0.0104549
8.8 0.120236 -0.00998236
9 0.117394 -0.0095418
9.2 0.114685 -0.00913024
9.4 0.1121 -0.00874508
9.6 0.109631 -0.00838404
9.8 0.10727 -0.00804507
10 0.105009 -0.00772625
10.2 0.102843 -0.00742616
10.4 0.100766 -0.00714324
10.6 0.0987711 -0.00687616
10.8 0.0968549 -0.00662375
11 0.0950122 -0.00638493
11.2 0.0932388 -0.00615872
11.4 0.091531 -0.00594422
11.6 0.089885 -0.00574065
11.8 0.0882976 -0.00554724
12 0.0867656 -0.00536327
12.2 0.0852862 -0.00518822
12.4 0.0838567 -0.00502147
12.6 0.0824746 -0.00486249
12.8 0.0811375 -0.0047108
13 0.0798433 -0.00456595
13.2 0.0785899 -0.00442752
13.4 0.0773754 -0.00429512
13.6 0.076198 -0.0041684
13.8 0.0750561 -0.00404702
14 0.0739479 -0.00393055
14.2 0.0728722 -0.00381895
14.4 0.0718275 -0.00371181
14.6 0.0708123 -0.00360889
14.8 0.0698256 -0.00350995
15 0.068866 -0.00341474
15.2 0.0679325 -0.00332307
15.4 0.0670241 -0.0032347
15.6 0.0661396 -0.00314945
15.8 0.0652781 -0.0030671
16 0.0644385 -0.00298737
16.2 0.0636203 -0.00291029
16.4 0.0628224 -0.00283563
16.6 0.062044 -0.00276322
16.8 0.0612844 -0.0026929
17 0.0605426 -0.00262448
17.2 0.0598179 -0.00255778
17.4 0.0591094 -0.0024926
17.6 0.0584164 -0.00242875
17.8 0.057738 -0.00236607
18 0.0570723 -0.00230393
18.2 0.0564196 -0.00224307
18.4 0.0557783 -0.00218304
18.6 0.0551471 -0.002124
18.8 0.054525 -0.00206646
19 0.0539115 -0.00201159
19.2 0.0533078 -0.0019617
19.4 0.0527178 -0.00192076
19.6 0.0521503 -0.00189422
19.8 0.0516167 -0.00188604
20 0.0510978 -0.00189033
