-20 -0.048581 0.00148718
-19.8 -0.0490481 0.00145702
-19.6 -0.0495324 0.0014457
-19.4 -0.0500565 0.00145954
-19.2 -0.0506028 0.00149145
-19 -0.0511593 0.00153343
-18.8 -0.0517214 0.00158018
-18.6 -0.0522882 0.00162886
-18.4 -0.0528605 0.00167811
-18.2 -0.0534398 0.00172738
-18 -0.0540275 0.00177654
-17.8 -0.0546256 0.00182616
-17.6 -0.0552336 0.00187534
-17.4 -0.0558536 0.00192481
-17.2 -0.0564862 0.00197476
-17 -0.0571324 0.00202538
-16.8 -0.0577928 0.00207685
-16.6 -0.0584681 0.00212933
-16.4 -0.059159 0.00218298
-16.2 -0.0598662 0.00223796
-16 -0.0605904 0.00229436
-15.8 -0.0613323 0.00235239
-15.6 -0.0620924 0.00241191
-15.4 -0.0628716 0.00247319
-15.2 -0.0636707 0.00253636
-15 -0.0644905 0.00260156
-14.8 -0.0653318 0.00266893
-14.6 -0.0661954 0.00273861
-14.4 -0.0670823 0.00281073
-14.2 -0.0679935 0.00288544
-14 -0.06893 0.00296289
-13.8 -0.069893 0.00304338
-13.6 -0.0708833 0.00312677
-13.4 -0.0719023 0.00321339
-13.2 -0.0729512 0.00330342
-13 -0.0740315 0.00339706
-12.8 -0.0751446 0.00349451
-12.6 -0.076292 0.00359599
-12.4 -0.0774753 0.00370174
-12.2 -0.0786963 0.00381201
-12 -0.0799568 0.00392706
-11.8 -0.0812589 0.00404724
-11.6 -0.0826045 0.00417275
-11.4 -0.0839961 0.00430397
-11.2 -0.085436 0.00444126
-11 -0.0869268 0.00458502
-10.8 -0.0884715 0.00473567
-10.6 -0.0900729 0.00489366
-10.4 -0.0917345 0.00505948
-10.2 -0.0934597 0.00523369
-10 -0.0952524 0.00541687
-9.8 -0.0971168 0.00560979
-9.6 -0.0990573 0.00581293
-9.4 -0.101079 0.0060272
-9.2 -0.103187 0.00625347
-9 -0.105388 0.00649273
-8.8 -0.107687 0.00674606
-8.6 -0.110093 0.0070147
-8.4 -0.112613 0.00730004
-8.2 -0.115255 0.00760367
-8 -0.11803 0.00792736
-7.8 -0.120947 0.00827317
-7.6 -0.12402 0.00864334
-7.4 -0.127262 0.00904069
-7.2 -0.130688 0.00946853
-7 -0.134315 0.00993077
-6.8 -0.138163 0.0104321
-6.6 -0.142255 0.0109782
-6.4 -0.146615 0.0115761
-6.2 -0.151273 0.0122343
-6 -0.156264 0.0129635
-5.8 -0.161626 0.0137777
-5.6 -0.167407 0.0146937
-5.4 -0.173659 0.0157343
-5.2 -0.180446 0.0169291
-5 -0.187844 0.018317
-4.8 -0.195941 0.0199506
-4.6 -0.204842 0.0219008
-4.4 -0.214671 0.0242652
-4.2 -0.225574 0.027179
-4 -0.237717 0.0308316
-3.8 -0.251285 0.0354906
-3.6 -0.266474 0.0415355
-3.4 -0.283456 0.0495057
-3.2 -0.302321 0.0601599
-3 -0.322952 0.0745384
-2.8 -0.344795 0.0939857
-2.6 -0.366496 0.120028
-2.4 -0.385454 0.153889
-2.2 -0.39766 0.195389
-2 -0.39865 0.241394
-1.8 -0.386247 0.285175
-1.6 -0.363665 0.318811
-1.4 -0.339341 0.337931
-1.2 -0.322865 0.34425
-1 -0.321464 0.343867
-0.8 -0.34022 0.344801
-0.6 -0.384828 0.357889
-0.4 -0.463689 0.405183
-0.2 -0.574678 0.547853
0 -0.573243 0.904334
0.2 -0.115896 1.13888
0.4 0.187009 0.89683
0.6 0.214481 0.706578
0.8 0.190497 0.622176
1 0.172593 0.594262
1.2 0.173488 0.596611
1.4 0.199725 0.613687
1.6 0.256165 0.629377
1.8 0.340009 0.622651
2 0.432145 0.574919
2.2 0.502131 0.487291
2.4 0.531209 0.383448
2.6 0.52383 0.288728
2.8 0.495479 0.214528
3 0.459321 0.160668
3.2 0.422754 0.122686
3.4 0.388965 0.0959661
3.6 0.358928 0.0769509
3.8 0.332633 0.0631714
4 0.30971 0.0529744
4.2 0.289694 0.0452638
4.4 0.272142 0.0393077
4.6 0.256662 0.0346126
4.8 0.242928 0.0308405
5 0.230667 0.0277565
5.2 0.219658 0.0251943
5.4 0.209717 0.0230346
5.6 0.200695 0.0211903
5.8 0.192466 0.0195971
6 0.184927 0.0182061
6.2 0.177992 0.0169809
6.4 0.17159 0.0158927
6.6 0.165658 0.0149194
6.8 0.160144 0.0140432
7 0.155004 0.0132499
7.2 0.1502 0.0125281
7.4 0.145698 0.0118684
7.6 0.141469 0.0112631
7.8 0.137489 0.0107056
8 0.133734 0.0101904
8.2 0.130186 0.00971315
8.4 0.126828 0.00926989
8.6 0.123644 0.00885723
8.8 0.12062 0.0084722
9 0.117745 0.00811222
9.2 0.115006 0.00777501
9.4 0.112395 0.0074586
9.6 0.109903 0.00716122
9.8 0.107521 0.0068813
10 0.105242 0.00661733
10.2 0.103059 0.0063683
10.4 0.100966 0.00613298
10.6 0.0989579 0.00591033
10.8 0.0970292 0.00569945
11 0.0951753 0.0054995
11.2 0.0933918 0.00530972
11.4 0.0916747 0.00512942
11.6 0.0900203 0.00495796
11.8 0.0884251 0.00479477
12 0.086886 0.00463924
12.2 0.0854002 0.00449101
12.4 0.0839647 0.00434957
12.6 0.0825771 0.0042145
12.8 0.081235 0.00408541
13 0.0799362 0.00396194
13.2 0.0786785 0.00384376
13.4 0.0774601 0.00373056
13.6 0.0762791 0.00362204
13.8 0.0751338 0.00351794
14 0.0740225 0.00341783
14.2 0.0729439 0.0033218
14.4 0.0718965 0.00322947
14.6 0.0708789 0.00314063
14.8 0.0698899 0.00305507
15 0.0689282 0.0029726
15.2 0.0679928 0.00289303
15.4 0.0670825 0.00281617
15.6 0.0661963 0.00274184
15.8 0.0653333 0.00266984
16 0.0644922 0.00259988
16.2 0.0636726 0.00253205
16.4 0.0628734 0.00246614
16.6 0.0620937 0.002402
16.8 0.0613327 0.00233944
17 0.0605895 0.00227828
17.2 0.0598634 0.00221829
17.4 0.0591535 0.00215928
17.6 0.0584588 0.00210103
17.8 0.0577782 0.0020433
18 0.0571096 0.00198527
18.2 0.0564535 0.00192793
18.4 0.0558076 0.00187065
18.6 0.0551701 0.00181356
18.8 0.0545396 0.00175726
19 0.0539151 0.00170324
19.2 0.0532974 0.00165468
19.4 0.0526919 0.00161741
19.6 0.0521114 0.00160031
19.8 0.0515755 0.0016112
20 0.0510591 0.00164294
