-20 -0.0487137 -0.00158376
-19.2 -0.050687 -0.00171476
-18.4 -0.0528266 -0.00186281
-17.6 -0.0551544 -0.00203092
-16.8 -0.0576965 -0.00222275
-16 -0.0604839 -0.00244307
-15.2 -0.0635537 -0.00269782
-14.4 -0.0669512 -0.00299456
-13.6 -0.0707316 -0.00334308
-12.8 -0.0749633 -0.0037561
-12 -0.0797321 -0.00425055
-11.2 -0.0851467 -0.00484941
-10.4 -0.0913472 -0.00558411
-9.6 -0.0985174 -0.00649894
-8.8 -0.106903 -0.0076581
-8 -0.116839 -0.00915661
-7.2 -0.128795 -0.0111401
-6.4 -0.143452 -0.0138431
-5.6 -0.161829 -0.0176586
-4.8 -0.185522 -0.0232867
-4 -0.217171 -0.0320864
-3.2 -0.261418 -0.0469561
-2.4 -0.327057 -0.0749937
-1.6 -0.431814 -0.136941
-0.8 -0.607105 -0.311055
0 -0.719512 -0.950833
0.8 0.549478 -1.25594
1.6 0.667034 -0.407597
2.4 0.470285 -0.165501
3.2 0.349966 -0.0865011
4 0.276215 -0.052646
4.8 0.227424 -0.0352809
5.6 0.193013 -0.0252505
6.4 0.167527 -0.0189454
7.2 0.147925 -0.014731
8 0.132396 -0.0117786
8.8 0.119799 -0.00963018
9.6 0.109378 -0.00801908
10.4 0.100617 -0.00678059
11.2 0.093151 -0.00580783
12 0.0867126 -0.00503005
12.8 0.0811041 -0.00439864
13.6 0.0761753 -0.00387889
14.4 0.0718099 -0.00344603
15.2 0.0679168 -0.00308177
16 0.0644233 -0.00277231
16.8 0.0612711 -0.00250719
17.6 0.0584126 -0.00227834
18.4 0.0558085 -0.00207934
19.2 0.0534264 -0.00190535
20 0.0512388 -0.00175245
