-20 -1.21985e-10 4.69755e-05
-19.2 -2.6406e-10 5.04507e-05
-18.4 7.4205e-10 5.47604e-05
-17.6 9.69527e-10 5.93212e-05
-16.8 -2.14443e-11 6.49036e-05
-16 8.97828e-10 7.14732e-05
-15.2 1.65029e-09 7.89411e-05
-14.4 -2.1496e-10 8.7665e-05
-13.6 2.02746e-09 9.79917e-05
-12.8 4.09621e-09 0.00011012
-12 8.07459e-11 0.000124576
-11.2 6.26882e-09 0.000142204
-10.4 1.21374e-08 0.000163637
-9.6 4.10994e-09 0.000190005
-8.8 2.26223e-08 0.00022331
-8 4.36042e-08 0.000265809
-7.2 2.89618e-08 0.000319816
-6.4 9.86498e-08 0.00039103
-5.6 1.5791e-07 0.00048599
-4.8 6.7542e-08 0.000610033
-4 1.89457e-07 0.000787592
-3.2 -2.09005e-07 0.00108978
-2.4 -1.91824e-06 0.00185816
-1.6 -2.03366e-06 0.0041912
-0.8 3.1562e-07 0.0105335
0 2.42475e-05 0.0320021
0.8 5.67122e-05 0.0404806
1.6 4.94694e-06 0.0125182
2.4 -3.33953e-07 0.00579303
3.2 -3.31395e-07 0.00308186
4 -2.02284e-07 0.00178888
4.8 2.41273e-07 0.00114298
5.6 1.91086e-07 0.000781683
6.4 8.97643e-08 0.000572077
7.2 7.33801e-08 0.000438677
8 4.49048e-08 0.000346389
8.8 2.35032e-08 0.000281902
9.6 1.74093e-08 0.000234283
10.4 1.03982e-08 0.000197416
11.2 6.90679e-09 0.000169
12 4.97444e-09 0.000146505
12.8 3.04231e-09 0.000127962
13.6 2.50052e-09 0.000112896
14.4 1.80853e-09 0.000100447
15.2 1.0206e-09 8.98192e-05
16 1.30022e-09 8.08496e-05
16.8 8.34787e-10 7.32813e-05
17.6 6.77129e-10 6.65116e-05
18.4 9.25724e-10 6.04134e-05
19.2 3.03849e-10 5.53069e-05
20 -3.67465e-10 5.03295e-05
