-20 0.506436 3.1358e-05
-19.2 0.506355 5.33007e-06
-18.4 0.506359 2.28673e-05
-17.6 0.506373 5.54361e-05
-16.8 0.506394 5.86047e-05
-16 0.506406 6.12065e-05
-15.2 0.506418 6.22442e-05
-14.4 0.506426 6.12028e-05
-13.6 0.506434 6.31184e-05
-12.8 0.506445 6.41252e-05
-12 0.506457 5.72888e-05
-11.2 0.50647 5.87113e-05
-10.4 0.506491 5.4558e-05
-9.6 0.506513 3.46674e-05
-8.8 0.506541 1.81387e-05
-8 0.506576 -8.25287e-06
-7.2 0.506612 -8.30582e-05
-6.4 0.506642 -0.000179628
-5.6 0.506652 -0.000315056
-4.8 0.506577 -0.00058823
-4 0.506293 -0.000876206
-3.2 0.505734 -0.00103879
-2.4 0.504839 -0.000591215
-1.6 0.504191 0.00063459
-0.8 0.504671 0.00179123
0 0.506064 0.00209509
0.8 0.507616 0.00163268
1.6 0.508415 0.000356125
2.4 0.507952 -0.000825152
3.2 0.507097 -0.00106179
4 0.506537 -0.000818687
4.8 0.506259 -0.000566476
5.6 0.506171 -0.00027665
6.4 0.506172 -0.000140338
7.2 0.506195 -6.86331e-05
8 0.506222 1.49693e-05
8.8 0.506254 3.75898e-05
9.6 0.506276 4.25007e-05
10.4 0.506294 6.86306e-05
11.2 0.506313 6.9634e-05
12 0.506323 6.20567e-05
12.8 0.506333 7.31814e-05
13.6 0.506343 6.98891e-05
14.4 0.506348 6.45635e-05
15.2 0.506356 6.7811e-05
16 0.506368 6.59401e-05
16.8 0.506379 6.07662e-05
17.6 0.506399 5.62817e-05
18.4 0.506421 2.19107e-05
19.2 0.506429 3.42116e-06
20 0.506337 4.65572e-05
