-20 -3.42511e-13 0.00249621
-19.92 -7.76656e-13 0.00251625
-19.84 -4.31216e-13 0.00253652
-19.76 -9.35037e-13 0.00255704
-19.68 -4.94008e-13 0.00257777
-19.6 -1.01493e-12 0.00259878
-19.52 -5.06836e-13 0.00262
-19.44 -9.79426e-13 0.00264152
-19.36 -4.55089e-13 0.00266327
-19.28 -8.10152e-13 0.00268532
-19.2 -3.43715e-13 0.00270763
-19.12 -5.45147e-13 0.00273024
-19.04 -1.93902e-13 0.00275312
-18.96 -2.27845e-13 0.00277632
-18.88 -3.90355e-14 0.00279979
-18.8 5.63188e-14 0.00282359
-18.72 8.60162e-14 0.00284768
-18.64 2.60929e-13 0.00287211
-18.56 1.60659e-13 0.00289683
-18.48 3.54178e-13 0.0029219
-18.4 1.81276e-13 0.00294727
-18.32 3.50534e-13 0.002973
-18.24 1.61234e-13 0.00299906
-18.16 2.82604e-13 0.00302548
-18.08 1.17257e-13 0.00305223
-18 1.8123e-13 0.00307936
-17.92 6.25907e-14 0.00310684
-17.84 6.85177e-14 0.0031347
-17.76 6.61967e-15 0.00316293
-17.68 -3.85931e-14 0.00319155
-17.6 -4.23349e-14 0.00322055
-17.52 -1.22035e-13 0.00324996
-17.44 -7.36125e-14 0.00327977
-17.36 -1.56146e-13 0.00331
-17.28 -7.2201e-14 0.00334064
-17.2 -1.07688e-13 0.00337172
-17.12 -2.1354e-14 0.00340322
-17.04 5.20024e-14 0.00343517
-16.96 8.75417e-14 0.00346758
-16.88 3.22135e-13 0.00350044
-16.8 2.4172e-13 0.00353377
-16.72 6.52582e-13 0.00356759
-16.64 4.11421e-13 0.00360188
-16.56 9.83062e-13 0.00363668
-16.48 5.61801e-13 0.00367198
-16.4 1.24079e-12 0.0037078
-16.32 6.66408e-13 0.00374415
-16.24 1.3954e-12 0.00378103
-16.16 7.13382e-13 0.00381846
-16.08 1.43169e-12 0.00385645
-16 7.08906e-13 0.003895
-15.92 1.3908e-12 0.00393414
-15.84 6.79379e-13 0.00397387
-15.76 1.32843e-12 0.0040142
-15.68 6.51735e-13 0.00405515
-15.6 1.28416e-12 0.00409673
-15.52 6.33304e-13 0.00413895
-15.44 1.24964e-12 0.00418183
-15.36 6.16684e-13 0.00422537
-15.28 1.21653e-12 0.0042696
-15.2 6.00256e-13 0.00431453
-15.12 1.18616e-12 0.00436017
-15.04 5.85984e-13 0.00440653
-14.96 1.15373e-12 0.00445364
-14.88 5.61999e-13 0.00450151
-14.8 1.07844e-12 0.00455015
-14.72 5.07619e-13 0.00459958
-14.64 9.33252e-13 0.00464983
-14.56 4.18042e-13 0.0047009
-14.48 7.29451e-13 0.00475281
-14.4 3.09778e-13 0.00480559
-14.32 5.11917e-13 0.00485925
-14.24 2.0529e-13 0.00491382
-14.16 3.18093e-13 0.0049693
-14.08 1.17801e-13 0.00502573
-14 1.63297e-13 0.00508313
-13.92 5.03395e-14 0.00514152
-13.84 4.69284e-14 0.00520091
-13.76 5.24566e-16 0.00526134
-13.68 -3.79225e-14 0.00532283
-13.6 -3.54445e-14 0.00538539
-13.52 -9.85754e-14 0.00544907
-13.44 -6.07778e-14 0.00551389
-13.36 -1.4017e-13 0.00557986
-13.28 -7.72808e-14 0.00564702
-13.2 -1.64594e-13 0.00571541
-13.12 -8.49449e-14 0.00578504
-13.04 -1.69751e-13 0.00585594
-12.96 -8.16109e-14 0.00592816
-12.88 -1.49065e-13 0.00600172
-12.8 -6.2969e-14 0.00607666
-12.72 -9.25594e-14 0.00615301
-12.64 -2.40744e-14 0.0062308
-12.56 7.12674e-15 0.00631007
-12.48 3.57403e-14 0.00639087
-12.4 1.41149e-13 0.00647323
-12.32 1.05145e-13 0.00655718
-12.24 2.71702e-13 0.00664278
-12.16 1.58785e-13 0.00673006
-12.08 3.42996e-13 0.00681907
-12 1.73112e-13 0.00690985
-11.92 3.27708e-13 0.00700246
-11.84 1.45703e-13 0.00709693
-11.76 2.42844e-13 0.00719333
-11.68 9.38716e-14 0.0072917
-11.6 1.31046e-13 0.00739211
-11.52 3.81904e-14 0.00749459
-11.44 2.60646e-14 0.00759922
-11.36 -9.36537e-15 0.00770605
-11.28 -5.76415e-14 0.00781515
-11.2 -4.54245e-14 0.00792658
-11.12 -1.18831e-13 0.0080404
-11.04 -7.11014e-14 0.00815668
-10.96 -1.61618e-13 0.00827551
-10.88 -8.8848e-14 0.00839694
-10.8 -1.91005e-13 0.00852106
-10.72 -1.01015e-13 0.00864795
-10.64 -2.11202e-13 0.00877769
-10.56 -1.09432e-13 0.00891036
-10.48 -2.25326e-13 0.00904606
-10.4 -1.15407e-13 0.00918487
-10.32 -2.3555e-13 0.0093269
-10.24 -1.19838e-13 0.00947224
-10.16 -2.43356e-13 0.009621
-10.08 -1.23336e-13 0.00977328
-10 -2.49748e-13 0.0099292
-9.92 -1.26313e-13 0.0100889
-9.84 -2.55411e-13 0.0102524
-9.76 -1.29055e-13 0.01042
-9.68 -2.6082e-13 0.0105916
-9.6 -1.31762e-13 0.0107676
-9.52 -2.66313e-13 0.0109479
-9.44 -1.34576e-13 0.0111329
-9.36 -2.7214e-13 0.0113225
-9.28 -1.3761e-13 0.011517
-9.2 -2.78497e-13 0.0117165
-9.12 -1.40949e-13 0.0119213
-9.04 -2.85545e-13 0.0121315
-8.96 -1.44672e-13 0.0123472
-8.88 -2.93431e-13 0.0125688
-8.8 -1.48847e-13 0.0127963
-8.72 -3.02292e-13 0.0130301
-8.64 -1.53545e-13 0.0132703
-8.56 -3.12271e-13 0.0135172
-8.48 -1.58838e-13 0.013771
-8.4 -3.23519e-13 0.014032
-8.32 -1.64806e-13 0.0143005
-8.24 -3.36204e-13 0.0145768
-8.16 -1.71538e-13 0.0148611
-8.08 -3.50516e-13 0.0151537
-8 -1.79136e-13 0.0154551
-7.92 -3.66676e-13 0.0157655
-7.84 -1.8643e-13 0.0160854
-7.76 -3.7953e-13 0.016415
-7.68 -1.94585e-13 0.0167549
-7.6 -3.99651e-13 0.0171053
-7.52 -2.0529e-13 0.0174669
-7.44 -4.22479e-13 0.0178399
-7.36 -2.17448e-13 0.0182251
-7.28 -4.48439e-13 0.0186227
-7.2 -2.31292e-13 0.0190335
-7.12 -4.78045e-13 0.0194579
-7.04 -2.47107e-13 0.0198967
-6.96 -5.1192e-13 0.0203503
-6.88 -2.65234e-13 0.0208196
-6.8 -5.50826e-13 0.0213053
-6.72 -2.86095e-13 0.021808
-6.64 -5.95696e-13 0.0223287
-6.56 -3.10209e-13 0.0228682
-6.48 -6.47683e-13 0.0234273
-6.4 -3.38215e-13 0.0240071
-6.32 -7.08216e-13 0.0246085
-6.24 -3.70913e-13 0.0252327
-6.16 -7.79086e-13 0.0258808
-6.08 -4.09303e-13 0.0265541
-6 -8.62536e-13 0.0272538
-5.92 -4.54647e-13 0.0279813
-5.84 -9.61413e-13 0.0287381
-5.76 -5.08545e-13 0.0295259
-5.68 -1.07932e-12 0.0303462
-5.6 -5.73041e-13 0.031201
-5.52 -1.2209e-12 0.0320921
-5.44 -6.50755e-13 0.0330216
-5.36 -1.3921e-12 0.0339917
-5.28 -7.45071e-13 0.0350049
-5.2 -1.60061e-12 0.0360636
-5.12 -8.41837e-13 0.0371705
-5.04 -1.77697e-12 0.0383288
-4.96 -9.5975e-13 0.0395414
-4.88 -2.08106e-12 0.0408119
-4.8 -1.12929e-12 0.0421439
-4.72 -2.46011e-12 0.0435414
-4.64 -1.34134e-12 0.0450087
-4.56 -2.93558e-12 0.0465505
-4.48 -1.57463e-12 0.0481717
-4.4 -3.39032e-12 0.0498779
-4.32 -1.86672e-12 0.051675
-4.24 -4.12287e-12 0.0535695
-4.16 -2.27886e-12 0.0555682
-4.08 -5.04892e-12 0.057679
-4 -2.79858e-12 0.0599101
-3.92 -6.21069e-12 0.0622707
-3.84 -3.38129e-12 0.0647707
-3.76 -7.35848e-12 0.067421
-3.68 -4.07499e-12 0.0702335
-3.6 -8.98971e-12 0.0732216
-3.52 -4.84395e-12 0.0763994
-3.44 -1.03332e-11 0.0797831
-3.36 -5.55644e-12 0.08339
-3.28 -1.17009e-11 0.0872398
-3.2 -5.87098e-12 0.0913537
-3.12 -1.1146e-11 0.0957558
-3.04 -5.01185e-12 0.100472
-2.96 -7.53659e-12 0.105532
-2.88 -1.64435e-12 0.110969
-2.8 3.6621e-12 0.116818
-2.72 6.9331e-12 0.123121
-2.64 2.85712e-11 0.129924
-2.56 2.40716e-11 0.137276
-2.48 7.37334e-11 0.145237
-2.4 5.24482e-11 0.153869
-2.32 1.42403e-10 0.163247
-2.24 9.24075e-11 0.173451
-2.16 2.33619e-10 0.184575
-2.08 1.44087e-10 0.196724
-2 3.51756e-10 0.210014
-1.92 2.11943e-10 0.224582
-1.84 5.08764e-10 0.240577
-1.76 3.01195e-10 0.258174
-1.68 7.05689e-10 0.277563
-1.6 4.03962e-10 0.298968
-1.52 9.06357e-10 0.322626
-1.44 4.91952e-10 0.348825
-1.36 1.04309e-09 0.377852
-1.28 5.34559e-10 0.410065
-1.2 1.07401e-09 0.445794
-1.12 5.20791e-10 0.485463
-1.04 9.954e-10 0.529412
-0.96 4.61298e-10 0.578084
-0.88 8.49945e-10 0.631736
-0.8 3.68764e-10 0.690734
-0.72 6.32052e-10 0.755025
-0.64 2.60996e-10 0.824609
-0.56 4.3825e-10 0.89873
-0.48 1.48662e-10 0.976569
-0.4 1.81211e-10 1.05598
-0.32 5.34206e-11 1.13455
-0.24 7.827e-11 1.20824
-0.16 9.8219e-12 1.27291
-0.08 -1.07684e-11 1.32233
0 5.07462e-14 1.78596e-07
0.08 1.09672e-11 -1.32233
0.16 -9.72744e-12 -1.27291
0.24 -7.80922e-11 -1.20824
0.32 -5.33416e-11 -1.13455
0.4 -1.81072e-10 -1.05598
0.48 -1.48603e-10 -0.976568
0.56 -4.38148e-10 -0.89873
0.64 -2.60954e-10 -0.824609
0.72 -6.31981e-10 -0.755024
0.8 -3.68736e-10 -0.690734
0.88 -8.49898e-10 -0.631736
0.96 -4.61279e-10 -0.578084
1.04 -9.95368e-10 -0.529412
1.12 -5.20779e-10 -0.485463
1.2 -1.07399e-09 -0.445794
1.28 -5.3455e-10 -0.410064
1.36 -1.04308e-09 -0.377852
1.44 -4.91946e-10 -0.348825
1.52 -9.06345e-10 -0.322626
1.6 -4.03958e-10 -0.298968
1.68 -7.05682e-10 -0.277563
1.76 -3.01192e-10 -0.258174
1.84 -5.08758e-10 -0.240577
1.92 -2.1194e-10 -0.224582
2 -3.51752e-10 -0.210014
2.08 -1.44086e-10 -0.196724
2.16 -2.33616e-10 -0.184575
2.24 -9.24062e-11 -0.173451
2.32 -1.42401e-10 -0.163247
2.4 -5.24472e-11 -0.153869
2.48 -7.37316e-11 -0.145237
2.56 -2.40708e-11 -0.137276
2.64 -2.85697e-11 -0.129924
2.72 -6.93243e-12 -0.123121
2.8 -3.66087e-12 -0.116818
2.88 1.64492e-12 -0.110969
2.96 7.53765e-12 -0.105532
3.04 5.01232e-12 -0.100472
3.12 1.11469e-11 -0.0957558
3.2 5.87137e-12 -0.0913537
3.28 1.17016e-11 -0.0872399
3.36 5.55676e-12 -0.08339
3.44 1.03338e-11 -0.0797831
3.52 4.84422e-12 -0.0763994
3.6 8.99021e-12 -0.0732216
3.68 4.07522e-12 -0.0702335
3.76 7.3589e-12 -0.067421
3.84 3.38148e-12 -0.0647707
3.92 6.21105e-12 -0.0622707
4 2.79875e-12 -0.0599102
4.08 5.04923e-12 -0.0576791
4.16 2.279e-12 -0.0555682
4.24 4.12315e-12 -0.0535695
4.32 1.86684e-12 -0.051675
4.4 3.39057e-12 -0.0498779
4.48 1.57474e-12 -0.0481717
4.56 2.9358e-12 -0.0465505
4.64 1.34144e-12 -0.0450087
4.72 2.4603e-12 -0.0435414
4.8 1.12938e-12 -0.0421439
4.88 2.08123e-12 -0.0408119
4.96 9.59832e-13 -0.0395414
5.04 1.77713e-12 -0.0383288
5.12 8.41911e-13 -0.0371705
5.2 1.60075e-12 -0.0360636
5.28 7.45138e-13 -0.0350049
5.36 1.39222e-12 -0.0339917
5.44 6.50816e-13 -0.0330216
5.52 1.22102e-12 -0.0320921
5.6 5.73097e-13 -0.031201
5.68 1.07943e-12 -0.0303462
5.76 5.08597e-13 -0.0295259
5.84 9.61512e-13 -0.0287381
5.92 4.54695e-13 -0.0279813
6 8.62628e-13 -0.0272538
6.08 4.09347e-13 -0.0265541
6.16 7.79171e-13 -0.0258808
6.24 3.70954e-13 -0.0252327
6.32 7.08295e-13 -0.0246085
6.4 3.38253e-13 -0.0240071
6.48 6.47757e-13 -0.0234273
6.56 3.10245e-13 -0.0228682
6.64 5.95765e-13 -0.0223287
6.72 2.86129e-13 -0.0218081
6.8 5.50891e-13 -0.0213053
6.88 2.65266e-13 -0.0208196
6.96 5.11981e-13 -0.0203503
7.04 2.47136e-13 -0.0198967
7.12 4.78103e-13 -0.0194579
7.2 2.31321e-13 -0.0190335
7.28 4.48493e-13 -0.0186227
7.36 2.17474e-13 -0.0182251
7.44 4.22531e-13 -0.0178399
7.52 2.05315e-13 -0.0174669
7.6 3.99701e-13 -0.0171053
7.68 1.9461e-13 -0.0167549
7.76 3.79577e-13 -0.016415
7.84 1.86453e-13 -0.0160854
7.92 3.66721e-13 -0.0157655
8 1.79158e-13 -0.0154551
8.08 3.50559e-13 -0.0151537
8.16 1.71559e-13 -0.0148611
8.24 3.36245e-13 -0.0145768
8.32 1.64827e-13 -0.0143005
8.4 3.23559e-13 -0.014032
8.48 1.58858e-13 -0.013771
8.56 3.1231e-13 -0.0135172
8.64 1.53564e-13 -0.0132703
8.72 3.02329e-13 -0.0130301
8.8 1.48865e-13 -0.0127963
8.88 2.93467e-13 -0.0125688
8.96 1.44689e-13 -0.0123472
9.04 2.8558e-13 -0.0121315
9.12 1.40966e-13 -0.0119213
9.2 2.78531e-13 -0.0117165
9.28 1.37626e-13 -0.011517
9.36 2.72173e-13 -0.0113225
9.44 1.34593e-13 -0.0111329
9.52 2.66345e-13 -0.0109479
9.6 1.31777e-13 -0.0107676
9.68 2.60852e-13 -0.0105916
9.76 1.29071e-13 -0.01042
9.84 2.55442e-13 -0.0102524
9.92 1.26329e-13 -0.0100889
10 2.49778e-13 -0.0099292
10.08 1.23351e-13 -0.00977328
10.16 2.43386e-13 -0.009621
10.24 1.19853e-13 -0.00947224
10.32 2.35579e-13 -0.0093269
10.4 1.15422e-13 -0.00918487
10.48 2.25356e-13 -0.00904606
10.56 1.09447e-13 -0.00891036
10.64 2.11232e-13 -0.00877769
10.72 1.0103e-13 -0.00864795
10.8 1.91035e-13 -0.00852106
10.88 8.88627e-14 -0.00839694
10.96 1.61648e-13 -0.00827551
11.04 7.11161e-14 -0.00815668
11.12 1.18861e-13 -0.0080404
11.2 4.54393e-14 -0.00792658
11.28 5.76713e-14 -0.00781515
11.36 9.38036e-15 -0.00770605
11.44 -2.60344e-14 -0.00759922
11.52 -3.81752e-14 -0.00749459
11.6 -1.31015e-13 -0.00739211
11.68 -9.38561e-14 -0.0072917
11.76 -2.42813e-13 -0.00719333
11.84 -1.45687e-13 -0.00709693
11.92 -3.27676e-13 -0.00700246
12 -1.73096e-13 -0.00690985
12.08 -3.42964e-13 -0.00681907
12.16 -1.58771e-13 -0.00673006
12.24 -2.71676e-13 -0.00664278
12.32 -1.05131e-13 -0.00655718
12.4 -1.41122e-13 -0.00647323
12.48 -3.57262e-14 -0.00639087
12.56 -7.0978e-15 -0.00631007
12.64 2.40892e-14 -0.0062308
12.72 9.25897e-14 -0.00615301
12.8 6.29843e-14 -0.00607666
12.88 1.49096e-13 -0.00600172
12.96 8.16273e-14 -0.00592816
13.04 1.69785e-13 -0.00585594
13.12 8.49618e-14 -0.00578503
13.2 1.6463e-13 -0.00571541
13.28 7.7299e-14 -0.00564702
13.36 1.40207e-13 -0.00557986
13.44 6.07972e-14 -0.00551388
13.52 9.86153e-14 -0.00544907
13.6 3.54652e-14 -0.00538539
13.68 3.79654e-14 -0.00532283
13.76 -5.02314e-16 -0.00526134
13.84 -4.6882e-14 -0.00520091
13.92 -5.03153e-14 -0.00514151
14 -1.63246e-13 -0.00508313
14.08 -1.17774e-13 -0.00502573
14.16 -3.18038e-13 -0.0049693
14.24 -2.05262e-13 -0.00491381
14.32 -5.11857e-13 -0.00485925
14.4 -3.09747e-13 -0.00480559
14.48 -7.29385e-13 -0.00475281
14.56 -4.18008e-13 -0.0047009
14.64 -9.3318e-13 -0.00464983
14.72 -5.07582e-13 -0.00459958
14.8 -1.07836e-12 -0.00455015
14.88 -5.61968e-13 -0.00450151
14.96 -1.15369e-12 -0.00445364
15.04 -5.85958e-13 -0.00440653
15.12 -1.18608e-12 -0.00436017
15.2 -6.00225e-13 -0.00431453
15.28 -1.21646e-12 -0.0042696
15.36 -6.16648e-13 -0.00422537
15.44 -1.24956e-12 -0.00418183
15.52 -6.33274e-13 -0.00413895
15.6 -1.28412e-12 -0.00409673
15.68 -6.51711e-13 -0.00405515
15.76 -1.32838e-12 -0.0040142
15.84 -6.79348e-13 -0.00397387
15.92 -1.39073e-12 -0.00393414
16 -7.08868e-13 -0.003895
16.08 -1.43159e-12 -0.00385644
16.16 -7.13353e-13 -0.00381846
16.24 -1.39537e-12 -0.00378103
16.32 -6.66388e-13 -0.00374415
16.4 -1.24074e-12 -0.0037078
16.48 -5.61793e-13 -0.00367198
16.56 -9.83075e-13 -0.00363668
16.64 -4.11423e-13 -0.00360188
16.72 -6.52582e-13 -0.00356759
16.8 -2.41737e-13 -0.00353377
16.88 -3.22203e-13 -0.00350044
16.96 -8.75722e-14 -0.00346758
17.04 -5.20561e-14 -0.00343518
17.12 2.13305e-14 -0.00340322
17.2 1.07649e-13 -0.00337172
17.28 7.21849e-14 -0.00334064
17.36 1.5612e-13 -0.00331
17.44 7.36013e-14 -0.00327977
17.52 1.22022e-13 -0.00324996
17.6 4.23311e-14 -0.00322055
17.68 3.85909e-14 -0.00319155
17.76 -6.61787e-15 -0.00316292
17.84 -6.85094e-14 -0.0031347
17.92 -6.25841e-14 -0.00310684
18 -1.81211e-13 -0.00307936
18.08 -1.17242e-13 -0.00305223
18.16 -2.82576e-13 -0.00302548
18.24 -1.61218e-13 -0.00299906
18.32 -3.50496e-13 -0.002973
18.4 -1.81249e-13 -0.00294726
18.48 -3.54129e-13 -0.0029219
18.56 -1.60632e-13 -0.00289683
18.64 -2.60872e-13 -0.00287211
18.72 -8.59854e-14 -0.00284768
18.8 -5.62537e-14 -0.00282359
18.88 3.90515e-14 -0.00279979
18.96 2.27845e-13 -0.00277632
19.04 1.93904e-13 -0.00275312
19.12 5.45151e-13 -0.00273018
19.2 3.43705e-13 -0.00270763
19.28 8.10105e-13 -0.00268532
19.36 4.55067e-13 -0.00266327
19.44 9.79547e-13 -0.00264144
19.52 5.06811e-13 -0.00262
19.6 1.01487e-12 -0.00259878
19.68 4.9398e-13 -0.00257777
19.76 9.35366e-13 -0.00255699
19.84 4.31193e-13 -0.00253652
19.92 7.76614e-13 -0.00251625
20 3.42492e-13 -0.00249621
