-20 -0.048635 -0.00213368
-19.8 -0.0491064 -0.0021547
-19.6 -0.0495879 -0.00218245
-19.4 -0.050089 -0.00221818
-19.2 -0.0506061 -0.00226105
-19 -0.0511359 -0.00230925
-18.8 -0.0516763 -0.00236117
-18.6 -0.0522264 -0.0024157
-18.4 -0.0527863 -0.00247219
-18.2 -0.0533563 -0.00253031
-18 -0.0539369 -0.00258991
-17.8 -0.0545287 -0.00265097
-17.6 -0.0551324 -0.00271355
-17.4 -0.0557486 -0.00277774
-17.2 -0.056378 -0.00284363
-17 -0.057021 -0.00291135
-16.8 -0.0576785 -0.00298104
-16.6 -0.0583509 -0.00305282
-16.4 -0.0590388 -0.00312684
-16.2 -0.0597429 -0.00320324
-16 -0.0604638 -0.00328215
-15.8 -0.0612023 -0.00336383
-15.6 -0.0619588 -0.0034482
-15.4 -0.0627341 -0.00353553
-15.2 -0.0635291 -0.00362599
-15 -0.0643444 -0.00371976
-14.8 -0.0651809 -0.00381703
-14.6 -0.0660394 -0.00391799
-14.4 -0.0669208 -0.00402286
-14.2 -0.0678261 -0.00413186
-14 -0.0687562 -0.00424521
-13.8 -0.0697122 -0.00436317
-13.6 -0.0706952 -0.00448599
-13.4 -0.0717064 -0.00461396
-13.2 -0.0727469 -0.00474739
-13 -0.0738181 -0.00488659
-12.8 -0.0749214 -0.00503191
-12.6 -0.0760583 -0.00518373
-12.4 -0.0772302 -0.00534244
-12.2 -0.078439 -0.00550848
-12 -0.0796862 -0.00568232
-11.8 -0.080974 -0.00586456
-11.6 -0.0823041 -0.00605554
-11.4 -0.0836787 -0.00625596
-11.2 -0.0851003 -0.00646646
-11 -0.0865711 -0.00668774
-10.8 -0.0880939 -0.00692056
-10.6 -0.0896715 -0.00716577
-10.4 -0.091307 -0.00742427
-10.2 -0.0930035 -0.00769707
-10 -0.0947647 -0.00798526
-9.8 -0.0965943 -0.00829006
-9.6 -0.0984965 -0.0086128
-9.4 -0.100476 -0.00895498
-9.2 -0.102537 -0.00931823
-9 -0.104685 -0.00970439
-8.8 -0.106926 -0.0101155
-8.6 -0.109266 -0.0105539
-8.4 -0.111712 -0.0110221
-8.2 -0.114271 -0.011523
-8 -0.116952 -0.01206
-7.8 -0.119764 -0.0126368
-7.6 -0.122716 -0.0132575
-7.4 -0.12582 -0.0139271
-7.2 -0.129088 -0.0146514
-7 -0.132533 -0.0154367
-6.8 -0.13617 -0.0162907
-6.6 -0.140016 -0.0172225
-6.4 -0.14409 -0.0182424
-6.2 -0.148413 -0.0193629
-6 -0.153007 -0.020599
-5.8 -0.1579 -0.0219683
-5.6 -0.16312 -0.0234924
-5.4 -0.168701 -0.0251973
-5.2 -0.174679 -0.0271151
-5 -0.181095 -0.0292849
-4.8 -0.187995 -0.0317551
-4.6 -0.195428 -0.0345859
-4.4 -0.203447 -0.0378524
-4.2 -0.212107 -0.0416482
-4 -0.221463 -0.0460902
-3.8 -0.231568 -0.0513242
-3.6 -0.242459 -0.0575292
-3.4 -0.254153 -0.0649241
-3.2 -0.266626 -0.0737681
-3 -0.279796 -0.0843564
-2.8 -0.293492 -0.0970028
-2.6 -0.307435 -0.112003
-2.4 -0.321229 -0.129569
-2.2 -0.334402 -0.149749
-2 -0.346517 -0.17234
-1.8 -0.35738 -0.196877
-1.6 -0.367304 -0.222769
-1.4 -0.377343 -0.249654
-1.2 -0.389355 -0.27798
-1 -0.405789 -0.30978
-0.8 -0.429088 -0.349719
-0.6 -0.46013 -0.406728
-0.4 -0.493658 -0.496089
-0.2 -0.506015 -0.637385
0 -0.438659 -0.827559
0.2 -0.240395 -0.980148
0.4 0.00762791 -0.98727
0.6 0.181592 -0.890231
0.8 0.27364 -0.780219
1 0.323245 -0.689876
1.2 0.356494 -0.617534
1.4 0.383587 -0.554771
1.6 0.406206 -0.495137
1.8 0.422603 -0.435855
2 0.430754 -0.377341
2.2 0.430027 -0.321745
2.4 0.42146 -0.271349
2.6 0.407112 -0.227568
2.8 0.38923 -0.190746
3 0.36971 -0.160437
3.2 0.349908 -0.135787
3.4 0.330679 -0.115835
3.6 0.312495 -0.0996761
3.8 0.295575 -0.0865346
4 0.279979 -0.0757778
4.2 0.265674 -0.0669052
4.4 0.252583 -0.0595243
4.6 0.240607 -0.0533307
4.8 0.229642 -0.0480885
5 0.219586 -0.0436144
5.2 0.210346 -0.0397654
5.4 0.201834 -0.0364292
5.6 0.193975 -0.0335171
5.8 0.186701 -0.0309585
6 0.179951 -0.028697
6.2 0.173672 -0.0266867
6.4 0.167818 -0.0248906
6.6 0.162347 -0.0232781
6.8 0.157225 -0.0218241
7 0.152417 -0.0205077
7.2 0.147898 -0.0193113
7.4 0.14364 -0.0182203
7.6 0.139623 -0.0172222
7.8 0.135826 -0.0163062
8 0.132231 -0.0154633
8.2 0.128824 -0.0146858
8.4 0.125588 -0.0139667
8.6 0.122513 -0.0133003
8.8 0.119585 -0.0126812
9 0.116795 -0.0121051
9.2 0.114132 -0.011568
9.4 0.111589 -0.0110662
9.6 0.109157 -0.0105968
9.8 0.10683 -0.0101569
10 0.1046 -0.00974398
10.2 0.102461 -0.00935592
10.4 0.100409 -0.00899072
10.6 0.098437 -0.00864656
10.8 0.0965415 -0.00832185
11 0.0947177 -0.00801512
11.2 0.0929617 -0.00772505
11.4 0.0912698 -0.00745043
11.6 0.0896385 -0.00719018
11.8 0.0880645 -0.0069433
12 0.0865448 -0.00670873
12.2 0.0850769 -0.00648592
12.4 0.0836579 -0.00627396
12.6 0.0822856 -0.00607215
12.8 0.0809576 -0.00587985
13 0.0796718 -0.00569645
13.2 0.0784262 -0.00552141
13.4 0.077219 -0.00535421
13.6 0.0760484 -0.00519439
13.8 0.0749128 -0.00504151
14 0.0738106 -0.00489515
14.2 0.0727404 -0.00475495
14.4 0.0717007 -0.00462054
14.6 0.0706904 -0.00449161
14.8 0.069708 -0.00436783
15 0.0687526 -0.00424892
15.2 0.067823 -0.0041346
15.4 0.0669181 -0.00402462
15.6 0.066037 -0.00391873
15.8 0.0651787 -0.00381669
16 0.0643421 -0.00371817
16.2 0.0635267 -0.00362321
16.4 0.0627315 -0.00353151
16.6 0.0619557 -0.00344287
16.8 0.0611985 -0.00335712
17 0.0604591 -0.00327408
17.2 0.0597369 -0.00319356
17.4 0.059031 -0.0031154
17.6 0.0583408 -0.00303945
17.8 0.0576654 -0.00296556
18 0.0570042 -0.00289363
18.2 0.0563562 -0.00282357
18.4 0.055721 -0.0027554
18.6 0.0550976 -0.00268926
18.8 0.0544858 -0.00262551
19 0.0538856 -0.00256485
19.2 0.0532977 -0.00250851
19.4 0.0527246 -0.00245827
19.6 0.0521697 -0.00241613
19.8 0.051637 -0.00238299
20 0.0511161 -0.0023574
