-20 -0.0487503 -0.00158631
-19.6 -0.049719 -0.00164992
-19.2 -0.0507267 -0.0017176
-18.8 -0.0517761 -0.00178954
-18.4 -0.0528697 -0.0018661
-18 -0.0540104 -0.00194761
-17.6 -0.0552014 -0.0020346
-17.2 -0.056446 -0.00212753
-16.8 -0.0577479 -0.00222695
-16.4 -0.0591112 -0.00233352
-16 -0.0605404 -0.00244791
-15.6 -0.0620402 -0.00257091
-15.2 -0.0636161 -0.00270342
-14.8 -0.065274 -0.00284644
-14.4 -0.0670204 -0.0030011
-14 -0.0688627 -0.00316871
-13.6 -0.0708089 -0.00335076
-13.2 -0.072868 -0.00354893
-12.8 -0.0750501 -0.00376522
-12.4 -0.0773666 -0.00400188
-12 -0.0798302 -0.00426152
-11.6 -0.0824554 -0.00454727
-11.2 -0.0852585 -0.00486272
-10.8 -0.0882582 -0.00521208
-10.4 -0.0914758 -0.00560049
-10 -0.094936 -0.00603391
-9.6 -0.098667 -0.00651951
-9.2 -0.102702 -0.00706613
-8.8 -0.107079 -0.00768434
-8.4 -0.111843 -0.00838707
-8 -0.117049 -0.00919067
-7.6 -0.122759 -0.0101152
-7.2 -0.12905 -0.0111859
-6.8 -0.136015 -0.0124357
-6.4 -0.143768 -0.0139064
-6 -0.152448 -0.0156529
-5.6 -0.16223 -0.0177489
-5.2 -0.173335 -0.0202936
-4.8 -0.186047 -0.0234237
-4.4 -0.200734 -0.027334
-4 -0.217885 -0.0323051
-3.6 -0.238157 -0.0387558
-3.2 -0.262452 -0.0473355
-2.8 -0.292028 -0.0590885
-2.4 -0.328679 -0.0757559
-2 -0.374942 -0.100437
-1.6 -0.434432 -0.138881
-1.2 -0.511844 -0.202575
-0.8 -0.610834 -0.316657
-0.4 -0.718155 -0.538873
0 -0.714185 -0.972151
0.4 -0.199523 -1.4684
0.8 0.567783 -1.2325
1.2 0.74634 -0.706104
1.6 0.662467 -0.399907
2 0.55509 -0.245647
2.4 0.467391 -0.1632
2.8 0.400053 -0.115381
3.2 0.348214 -0.0855636
3.6 0.307578 -0.0658557
4 0.27508 -0.0521915
4.4 0.248595 -0.0423489
4.8 0.226643 -0.0350333
5.2 0.208178 -0.0294518
5.6 0.192447 -0.0250987
6 0.178892 -0.02164
6.4 0.167098 -0.0188473
6.8 0.156746 -0.0165602
7.2 0.14759 -0.0146643
7.6 0.139435 -0.0130753
8 0.132127 -0.0117306
8.4 0.125542 -0.0105826
8.8 0.119578 -0.00959494
9.2 0.114152 -0.00873902
9.6 0.109194 -0.00799253
10 0.104647 -0.00733762
10.4 0.100462 -0.00675987
10.8 0.0965969 -0.00624767
11.2 0.0930173 -0.0057915
11.6 0.0896927 -0.00538344
12 0.0865967 -0.00501699
12.4 0.0837067 -0.0046867
12.8 0.0810027 -0.00438793
13.2 0.0784676 -0.00411682
13.6 0.0760859 -0.00387008
14 0.0738441 -0.00364484
14.4 0.0717304 -0.00343869
14.8 0.0697341 -0.00324955
15.2 0.0678456 -0.00307557
15.6 0.0660566 -0.00291519
16 0.0643593 -0.00276704
16.4 0.0627469 -0.00262989
16.8 0.0612132 -0.00250267
17.2 0.0597525 -0.00238447
17.6 0.0583599 -0.00227444
18 0.0570306 -0.00217182
18.4 0.0557604 -0.00207601
18.8 0.0545455 -0.00198635
19.2 0.0533822 -0.00190237
19.6 0.0522675 -0.0018236
20 0.0511982 -0.00174977
