-20 -0.0497491 0.00214162
-19.6 -0.0507812 0.00223716
-19.2 -0.05198 0.00240034
-18.8 -0.0530779 0.00249895
-18.4 -0.0542755 0.00262336
-18 -0.0554584 0.00273124
-17.6 -0.0566987 0.00285383
-17.2 -0.0580217 0.00298625
-16.8 -0.0594049 0.0031313
-16.4 -0.060837 0.00327821
-16 -0.0623265 0.00343546
-15.6 -0.0639291 0.00361981
-15.2 -0.0656014 0.00380319
-14.8 -0.067358 0.00400978
-14.4 -0.0692022 0.00421994
-14 -0.0711899 0.00447778
-13.6 -0.0732854 0.00474829
-13.2 -0.0754685 0.00502959
-12.8 -0.0778091 0.00533834
-12.4 -0.0803085 0.00568499
-12 -0.0829828 0.00606714
-11.6 -0.0858058 0.00648571
-11.2 -0.0888879 0.00694149
-10.8 -0.0920957 0.00744515
-10.4 -0.0955724 0.00797809
-10 -0.0993688 0.00865021
-9.6 -0.103393 0.00933196
-9.2 -0.107942 0.0102125
-8.8 -0.112835 0.0111474
-8.4 -0.118145 0.012213
-8 -0.123979 0.0134021
-7.6 -0.130623 0.0149818
-7.2 -0.138205 0.0168498
-6.8 -0.145953 0.0187398
-6.4 -0.15509 0.0211136
-6 -0.165347 0.0241049
-5.6 -0.177021 0.0274358
-5.2 -0.190691 0.0323089
-4.8 -0.206161 0.0378094
-4.4 -0.22604 0.0468997
-4 -0.24965 0.057598
-3.6 -0.276698 0.0738363
-3.2 -0.311654 0.0937568
-2.8 -0.348399 0.135683
-2.4 -0.399996 0.188946
-2 -0.442171 0.280746
-1.6 -0.484352 0.395216
-1.2 -0.424953 0.584031
-0.8 -0.320981 0.732196
-0.4 -0.254088 0.825774
0 -0.288385 0.992095
0.4 -0.101842 1.06626
0.8 0.24523 1.00215
1.2 0.565679 0.709896
1.6 0.527556 0.386414
2 0.481959 0.247096
2.4 0.403444 0.166877
2.8 0.350283 0.116577
3.2 0.303756 0.0891917
3.6 0.271956 0.0679223
4 0.244808 0.0552389
4.4 0.222592 0.0447339
4.8 0.203161 0.0376042
5.2 0.188807 0.0318115
5.6 0.175721 0.0277038
6 0.164317 0.023892
6.4 0.154362 0.021091
6.8 0.145297 0.0186286
7.2 0.137566 0.016824
7.6 0.130111 0.0149951
8 0.123512 0.013573
8.4 0.11784 0.012288
8.8 0.112557 0.0112573
9.2 0.107723 0.0102818
9.6 0.1032 0.00949916
10 0.099233 0.00872094
10.4 0.0954892 0.00809601
10.8 0.0920155 0.00748368
11.2 0.0888288 0.00699402
11.6 0.0857432 0.00650892
12 0.0829239 0.00608827
12.4 0.0802885 0.00568503
12.8 0.0777825 0.00535096
13.2 0.0754323 0.00503417
13.6 0.0732372 0.00476151
14 0.0711489 0.00448514
14.4 0.0691908 0.00423035
14.8 0.0673322 0.0040145
15.2 0.0655744 0.00381517
15.6 0.0639003 0.00362006
16 0.0622968 0.00344825
16.4 0.0608286 0.00326332
16.8 0.0593882 0.00311967
17.2 0.0579936 0.0029754
17.6 0.0566665 0.00284734
18 0.0554197 0.00271784
18.4 0.0542238 0.0026061
18.8 0.0530197 0.0025064
19.2 0.0518856 0.00241506
19.6 0.0507427 0.00231443
20 0.0497218 0.00222844
