-20 -0.0486194 -0.00191359
-19.8 -0.0490876 -0.00191623
-19.6 -0.0495678 -0.00193013
-19.4 -0.0500741 -0.00195676
-19.2 -0.0505997 -0.00199415
-19 -0.0511386 -0.00203894
-18.8 -0.0516873 -0.00208833
-18.6 -0.0522445 -0.00214053
-18.4 -0.0528102 -0.00219451
-18.2 -0.053385 -0.00224974
-18 -0.0539694 -0.00230602
-17.8 -0.0545644 -0.00236329
-17.6 -0.0551708 -0.00242161
-17.4 -0.0557893 -0.00248108
-17.2 -0.0564207 -0.00254181
-17 -0.0570657 -0.00260395
-16.8 -0.0577249 -0.00266763
-16.6 -0.0583989 -0.00273301
-16.4 -0.0590885 -0.00280023
-16.2 -0.0597943 -0.00286943
-16 -0.0605169 -0.00294075
-15.8 -0.0612572 -0.00301447
-15.6 -0.0620155 -0.00309039
-15.4 -0.0627928 -0.00316882
-15.2 -0.0635897 -0.00324994
-15 -0.0644072 -0.0033339
-14.8 -0.065246 -0.00342088
-14.6 -0.0661069 -0.00351105
-14.4 -0.0669909 -0.00360461
-14.2 -0.067899 -0.00370173
-14 -0.0688321 -0.00380264
-13.8 -0.0697914 -0.00390753
-13.6 -0.0707778 -0.00401666
-13.4 -0.0717927 -0.00413024
-13.2 -0.0728372 -0.00424856
-13 -0.0739128 -0.00437188
-12.8 -0.0750208 -0.00450051
-12.6 -0.0761626 -0.00463477
-12.4 -0.0773401 -0.00477499
-12.2 -0.0785547 -0.00492156
-12 -0.0798083 -0.00507486
-11.8 -0.0811031 -0.00523551
-11.6 -0.0824408 -0.00540362
-11.4 -0.0838237 -0.00557987
-11.2 -0.0852542 -0.00576482
-11 -0.0867349 -0.00595906
-10.8 -0.0882684 -0.00616324
-10.6 -0.0898578 -0.00637807
-10.4 -0.0915062 -0.00660433
-10.2 -0.0932169 -0.00684289
-10 -0.0949938 -0.00709467
-9.8 -0.0968407 -0.00736072
-9.6 -0.098762 -0.00764219
-9.4 -0.100762 -0.00794035
-9.2 -0.102847 -0.00825663
-9 -0.105022 -0.0085926
-8.8 -0.107292 -0.00895006
-8.6 -0.109665 -0.00933101
-8.4 -0.112148 -0.00973771
-8.2 -0.114749 -0.0101727
-8 -0.117476 -0.010639
-7.8 -0.120341 -0.0111399
-7.6 -0.123353 -0.0116791
-7.4 -0.126525 -0.0122612
-7.2 -0.129871 -0.0128914
-7 -0.133405 -0.0135759
-6.8 -0.137144 -0.0143218
-6.6 -0.141109 -0.0151377
-6.4 -0.145319 -0.016034
-6.2 -0.1498 -0.0170229
-6 -0.154578 -0.0181196
-5.8 -0.159686 -0.0193425
-5.6 -0.165158 -0.0207143
-5.4 -0.171035 -0.0222633
-5.2 -0.177362 -0.0240248
-5 -0.18419 -0.0260435
-4.8 -0.191577 -0.0283762
-4.6 -0.199587 -0.0310955
-4.4 -0.20829 -0.0342946
-4.2 -0.217758 -0.0380937
-4 -0.228064 -0.042648
-3.8 -0.239274 -0.0481579
-3.6 -0.251432 -0.0548774
-3.4 -0.264537 -0.0631271
-3.2 -0.278514 -0.0732964
-3 -0.293156 -0.0858337
-2.8 -0.308072 -0.101205
-2.6 -0.322616 -0.1198
-2.4 -0.335884 -0.141763
-2.2 -0.346809 -0.166772
-2 -0.35448 -0.193835
-1.8 -0.358654 -0.221326
-1.6 -0.360291 -0.247417
-1.4 -0.361768 -0.270894
-1.2 -0.366597 -0.292041
-1 -0.378869 -0.313318
-0.8 -0.402783 -0.340148
-0.6 -0.441928 -0.382914
-0.4 -0.495608 -0.461893
-0.2 -0.541305 -0.613323
0 -0.486287 -0.85792
0.2 -0.218077 -1.04558
0.4 0.0782503 -0.987477
0.6 0.218271 -0.835962
0.8 0.264269 -0.720118
1 0.283378 -0.647417
1.2 0.301972 -0.600332
1.4 0.327632 -0.56354
1.6 0.359792 -0.525951
1.8 0.393286 -0.480848
2 0.421011 -0.426724
2.2 0.437259 -0.366981
2.4 0.440147 -0.307434
2.6 0.431503 -0.253185
2.8 0.414975 -0.206973
3 0.394191 -0.169308
3.2 0.371878 -0.139377
3.4 0.349752 -0.115859
3.6 0.32875 -0.0974146
3.8 0.309294 -0.0828884
4 0.291508 -0.0713561
4.2 0.275357 -0.0621096
4.4 0.260727 -0.0546128
4.6 0.247477 -0.0484652
4.8 0.235458 -0.0433668
5 0.224531 -0.0390925
5.2 0.214569 -0.0354719
5.4 0.205457 -0.0323755
5.6 0.197098 -0.0297035
5.8 0.189404 -0.0273786
6 0.182301 -0.0253405
6.2 0.175724 -0.0235412
6.4 0.169618 -0.0219427
6.6 0.163932 -0.0205144
6.8 0.158625 -0.0192314
7 0.15366 -0.0180733
7.2 0.149004 -0.0170235
7.4 0.144629 -0.0160678
7.6 0.140509 -0.0151947
7.8 0.136623 -0.0143943
8 0.132951 -0.0136582
8.2 0.129475 -0.0129794
8.4 0.126179 -0.0123518
8.6 0.12305 -0.0117701
8.8 0.120076 -0.0112298
9 0.117243 -0.0107267
9.2 0.114544 -0.0102575
9.4 0.111967 -0.00981892
9.6 0.109506 -0.00940837
9.8 0.107152 -0.00902338
10 0.104898 -0.00866181
10.2 0.102738 -0.00832174
10.4 0.100666 -0.00800144
10.6 0.0986762 -0.00769937
10.8 0.0967646 -0.00741414
11 0.0949263 -0.00714449
11.2 0.0931571 -0.00688927
11.4 0.0914531 -0.00664746
11.6 0.0898107 -0.0064181
11.8 0.0882266 -0.00620035
12 0.0866976 -0.00599321
12.2 0.0852212 -0.00579637
12.4 0.0837944 -0.00560897
12.6 0.0824149 -0.00543039
12.8 0.0810802 -0.00526009
13 0.0797883 -0.00509753
13.2 0.0785371 -0.00494226
13.4 0.0773247 -0.00479382
13.6 0.0761492 -0.00465181
13.8 0.0750091 -0.00451584
14 0.0739027 -0.00438557
14.2 0.0728286 -0.00426066
14.4 0.0717853 -0.0041408
14.6 0.0707716 -0.0040257
14.8 0.0697862 -0.00391509
15 0.0688278 -0.00380871
15.2 0.0678955 -0.00370631
15.4 0.066988 -0.00360766
15.6 0.0661045 -0.00351253
15.8 0.0652438 -0.00342071
16 0.0644049 -0.0033318
16.2 0.0635874 -0.00324601
16.4 0.0627901 -0.00316298
16.6 0.0620122 -0.00308253
16.8 0.0612529 -0.00300449
17 0.0605114 -0.00292867
17.2 0.0597869 -0.00285487
17.4 0.0590786 -0.00278293
17.6 0.0583856 -0.00271268
17.8 0.0577071 -0.00264396
18 0.0570422 -0.00257664
18.2 0.0563899 -0.00251065
18.4 0.0557492 -0.00244604
18.6 0.0551193 -0.00238303
18.8 0.0544995 -0.00232219
19 0.05389 -0.00226464
19.2 0.053292 -0.00221238
19.4 0.0527094 -0.00216849
19.6 0.0521487 -0.0021367
19.8 0.0516175 -0.00211917
20 0.0510999 -0.00211418
