-20 -7.77051e-05 -0.000161479
-19.6 -4.31476e-05 -0.000142691
-19.2 7.39592e-05 -5.11006e-05
-18.8 5.613e-05 -1.93291e-05
-18.4 6.69687e-05 2.16198e-05
-18 5.13877e-05 1.08276e-05
-17.6 4.42156e-05 -3.41582e-06
-17.2 4.26868e-05 3.23498e-06
-16.8 3.71128e-05 7.88527e-06
-16.4 3.23499e-05 -7.53909e-06
-16 2.90755e-05 -2.92691e-05
-15.6 3.66148e-05 -2.22505e-05
-15.2 4.72123e-05 -2.28676e-05
-14.8 3.11034e-05 -3.31179e-05
-14.4 2.02929e-05 -4.83865e-05
-14 4.44154e-05 -4.51629e-05
-13.6 8.07385e-05 -4.17273e-05
-13.2 4.74657e-05 -5.15433e-05
-12.8 3.22393e-05 -4.04441e-05
-12.4 5.31124e-05 -6.25586e-05
-12 8.28865e-05 -4.30982e-05
-11.6 8.33355e-05 -7.4086e-05
-11.2 0.000110947 -3.87846e-05
-10.8 9.07638e-05 -0.000111358
-10.4 8.51963e-05 -0.000147972
-10 0.000129598 -0.000189338
-9.6 0.000181755 -0.000263328
-9.2 0.000233006 -0.000218707
-8.8 0.000288595 -0.000203496
-8.4 0.000342697 -0.000230621
-8 0.000468806 -0.00021801
-7.6 0.000721615 -0.000114219
-7.2 0.00119651 0.00025768
-6.8 0.00111839 0.000148317
-6.4 0.00143051 0.000562933
-6 0.00190972 0.000678444
-5.6 0.0026687 0.00142968
-5.2 0.0035153 0.00211116
-4.8 0.00486591 0.00353903
-4.4 0.00801662 0.00769414
-4 0.0132536 0.0153176
-3.6 0.017901 0.0253648
-3.2 0.0284914 0.0470507
-2.8 0.0415514 0.0812509
-2.4 0.0686135 0.147275
-2 0.0981813 0.267476
-1.6 0.154767 0.445959
-1.2 0.138392 0.661038
-0.8 0.0649362 0.728827
-0.4 -0.147513 0.527909
0 -0.563275 0.124506
0.4 -0.763602 -0.751678
0.8 -0.784007 -1.22734
1.2 -0.451665 -1.05703
1.6 -0.163434 -0.51009
2 -0.0803524 -0.290769
2.4 -0.037359 -0.147096
2.8 -0.0165538 -0.0799169
3.2 -0.00985874 -0.0449208
3.6 -0.00337409 -0.0244775
4 -0.00158796 -0.0150789
4.4 0.000151398 -0.00762151
4.8 0.000682273 -0.00380733
5.2 0.000445173 -0.00213521
5.6 0.000251232 -0.00137672
6 0.000326468 -0.000633891
6.4 9.5038e-05 -0.000449905
6.8 0.000238492 -0.000142396
7.2 0.000133139 -0.000320223
7.6 0.00029409 0.00010872
8 0.000326289 0.000252868
8.4 0.000207368 0.000237286
8.8 0.00015897 0.000201434
9.2 0.000175485 0.000205728
9.6 0.000222829 0.000216572
10 0.000115428 0.000177845
10.4 5.91709e-05 0.000143745
10.8 4.51136e-05 0.000112283
11.2 -6.38613e-06 4.61364e-05
11.6 3.89947e-05 7.57478e-05
12 2.78452e-05 4.44716e-05
12.4 3.07333e-05 7.02372e-05
12.8 5.43227e-06 6.98662e-05
13.2 2.77951e-05 5.2544e-05
13.6 4.18033e-05 2.0147e-05
14 3.16648e-05 4.214e-05
14.4 2.84077e-05 5.60939e-05
14.8 1.90572e-05 3.31852e-05
15.2 2.34297e-05 1.59551e-05
15.6 2.1395e-05 1.72646e-05
16 2.88289e-05 1.58463e-05
16.4 9.93094e-06 -1.10236e-06
16.8 -1.02515e-06 -5.91566e-06
17.2 1.9005e-05 -5.44025e-06
17.6 3.1556e-05 -7.18922e-06
18 2.93661e-05 -1.3514e-05
18.4 2.97975e-05 -2.26572e-05
18.8 7.66056e-05 1.69476e-05
19.2 0.000105974 4.24512e-05
19.6 0.000130262 0.000139314
20 0.000116117 0.000156395
