-20 -0.00175191 -0.000469568
-19.7333 -0.00172381 -0.00044512
-19.4667 -0.0016495 -0.000324151
-19.2 -0.00165994 -0.000360318
-18.9333 -0.00172538 -0.00044771
-18.6667 -0.00166789 -0.000355668
-18.4 -0.00170089 -0.000386236
-18.1333 -0.00171001 -0.000378782
-17.8667 -0.00170126 -0.000380396
-17.6 -0.0017444 -0.000353144
-17.3333 -0.00190531 -0.000351178
-17.0667 -0.00173035 -0.000253928
-16.8 -0.00185066 -0.000379004
-16.5333 -0.00175247 -0.000248223
-16.2667 -0.00186506 -0.000433057
-16 -0.00185662 -0.000186883
-15.7333 -0.00183122 -0.000208556
-15.4667 -0.001869 -0.000232212
-15.2 -0.00191599 -0.000316059
-14.9333 -0.00185999 -0.000193225
-14.6667 -0.00196484 -0.000432303
-14.4 -0.00184743 -0.000368653
-14.1333 -0.00190608 -0.000541287
-13.8667 -0.00197951 -0.000496546
-13.6 -0.00180725 -0.000215675
-13.3333 -0.00198198 -0.000542381
-13.0667 -0.00199365 -0.000554476
-12.8 -0.00194886 -0.000536748
-12.5333 -0.00212339 -0.000875228
-12.2667 -0.00199883 -0.000630641
-12 -0.00201496 -0.000604761
-11.7333 -0.00216931 -0.000678676
-11.4667 -0.00193903 -0.000313398
-11.2 -0.00208209 -0.00074567
-10.9333 -0.00216738 -0.00101953
-10.6667 -0.00209913 -0.000810312
-10.4 -0.00228299 -0.00118116
-10.1333 -0.00211277 -0.000980931
-9.86667 -0.00210568 -0.00124419
-9.6 -0.00228754 -0.00111807
-9.33333 -0.00225794 -0.00101803
-9.06667 -0.00219632 -0.00140779
-8.8 -0.00226462 -0.00188859
-8.53333 -0.00227908 -0.00168385
-8.26667 -0.00248776 -0.00230912
-8 -0.00219137 -0.00248368
-7.73333 -0.00217332 -0.0032698
-7.46667 -0.00191772 -0.00345262
-7.2 -0.000940193 -0.00757335
-6.93333 -0.00111611 -0.00623404
-6.66667 0.000903364 -0.0104451
-6.4 0.00404408 -0.000446191
-6.13333 0.00153609 -0.00171716
-5.86667 0.00204504 -0.00136706
-5.6 -0.00189354 -0.00470112
-5.33333 0.000559089 -0.00284876
-5.06667 0.000516326 -0.00356445
-4.8 0.00173953 -0.00202349
-4.53333 0.00302741 -0.0020889
-4.26667 0.00636386 0.00400839
-4 0.00581143 0.00756755
-3.73333 0.0129735 0.00919283
-3.46667 0.00798255 0.0109626
-3.2 0.0523539 0.0230057
-2.93333 0.14849 -0.00169897
-2.66667 0.119077 -0.0269846
-2.4 0.0233186 -0.00251455
-2.13333 0.0105252 0.00247409
-1.86667 0.0103976 0.00368197
-1.6 0.0055232 0.00364913
-1.33333 0.00336392 0.00354433
-1.06667 0.00221301 0.00263549
-0.8 0.000643456 0.000896586
-0.533333 -3.78971e-05 -0.000100783
-0.266667 -9.66597e-05 -7.42395e-05
0 -0.000733383 -0.000452853
0.266667 -0.00193678 -0.00076247
0.533333 -0.00154749 0.000637579
0.8 -0.00212368 0.00106649
1.06667 -0.00386049 0.00118883
1.33333 -0.00469412 -0.000119036
1.6 -0.00483955 0.00232936
1.86667 -0.00373427 0.00148793
2.13333 -0.00298301 0.00295178
2.4 -0.00152997 0.00204099
2.66667 -0.00250769 0.00437814
2.93333 -0.00290656 0.00536064
3.2 -0.00345275 0.00691582
3.46667 -0.00295669 0.00270871
3.73333 -0.00370785 0.000970673
4 -0.00320055 -0.00136258
4.26667 -0.00265404 -0.00220216
4.53333 -0.00208934 -0.00194666
4.8 -0.00165861 -0.00270964
5.06667 -0.00178611 -0.00278567
5.33333 -0.00242257 -0.00321654
5.6 -0.00148548 -0.00181968
5.86667 -0.00242429 -0.00132423
6.13333 -0.00347138 -0.000886714
6.4 -0.00365945 0.00346359
6.66667 -0.00517108 0.0102298
6.93333 -0.0060107 0.00814271
7.2 -0.00536183 0.0120875
7.46667 -0.00362303 0.00602478
7.73333 -0.00413239 0.0018012
8 -0.00424082 0.00368094
8.26667 -0.00374235 0.00462409
8.53333 -0.0036155 0.00273049
8.8 -0.00342192 0.00239378
9.06667 -0.00355853 0.00147565
9.33333 -0.0034585 0.00160093
9.6 -0.00297003 0.00143195
9.86667 -0.00311626 -0.00029914
10.1333 -0.0032554 0.000656891
10.4 -0.00281475 0.00158472
10.6667 -0.00307108 0.000811103
10.9333 -0.00288121 8.25202e-05
11.2 -0.00297868 0.000321586
11.4667 -0.00317041 -0.000135148
11.7333 -0.00306586 0.000325617
12 -0.00301092 0.000341265
12.2667 -0.00304049 0.00011914
12.5333 -0.00271923 0.000801691
12.8 -0.0028282 0.000228357
13.0667 -0.00285287 -0.0004653
13.3333 -0.00282483 -2.45724e-05
13.6 -0.00301845 -0.000435651
13.8667 -0.00290352 1.57468e-05
14.1333 -0.00283178 -3.12193e-05
14.4 -0.00303532 -0.000231703
14.6667 -0.00285266 0.000294554
14.9333 -0.00298255 -0.000146478
15.2 -0.00294278 -0.000643284
15.4667 -0.00291476 -0.000220243
15.7333 -0.00308107 -0.000707114
16 -0.00303172 -0.000299373
16.2667 -0.00287493 -2.01899e-05
16.5333 -0.00305513 -0.000325089
16.8 -0.00293048 6.33593e-05
17.0667 -0.00307023 -0.000393156
17.3333 -0.00269942 -0.000493448
17.6 -0.00269575 -0.000271847
17.8667 -0.00271455 -0.000137944
18.1333 -0.00269777 -0.000211174
18.4 -0.00268076 -9.15306e-05
18.6667 -0.00270778 -0.000250589
18.9333 -0.00265602 -7.26627e-05
19.2 -0.00253984 -0.00013867
19.4667 -0.00260173 -0.000583277
19.7333 -0.00265791 -0.000110242
20 -0.00266095 0.000217517
