-20 -0.0486642 -0.00237334
-19.8667 -0.0489812 -0.0024043
-19.7333 -0.0493023 -0.00243586
-19.6 -0.0496277 -0.00246808
-19.4667 -0.0499575 -0.002501
-19.3333 -0.0502917 -0.00253461
-19.2 -0.0506304 -0.00256892
-19.0667 -0.0509737 -0.00260397
-18.9333 -0.0513217 -0.00263975
-18.8 -0.0516745 -0.00267628
-18.6667 -0.0520321 -0.00271358
-18.5333 -0.0523947 -0.00275167
-18.4 -0.0527623 -0.00279056
-18.2667 -0.0531352 -0.00283028
-18.1333 -0.0535133 -0.00287085
-18 -0.0538968 -0.0029123
-17.8667 -0.0542858 -0.00295465
-17.7333 -0.0546804 -0.00299792
-17.6 -0.0550808 -0.00304215
-17.4667 -0.0554871 -0.00308736
-17.3333 -0.0558994 -0.00313358
-17.2 -0.0563178 -0.00318084
-17.0667 -0.0567425 -0.00322917
-16.9333 -0.0571737 -0.00327861
-16.8 -0.0576114 -0.00332919
-16.6667 -0.0580559 -0.00338095
-16.5333 -0.0585073 -0.00343392
-16.4 -0.0589657 -0.00348814
-16.2667 -0.0594313 -0.00354365
-16.1333 -0.0599043 -0.0036005
-16 -0.0603848 -0.00365872
-15.8667 -0.0608731 -0.00371836
-15.7333 -0.0613694 -0.00377946
-15.6 -0.0618737 -0.00384209
-15.4667 -0.0623864 -0.00390627
-15.3333 -0.0629076 -0.00397208
-15.2 -0.0634376 -0.00403956
-15.0667 -0.0639765 -0.00410877
-14.9333 -0.0645246 -0.00417977
-14.8 -0.0650822 -0.00425263
-14.6667 -0.0656494 -0.0043274
-14.5333 -0.0662266 -0.00440416
-14.4 -0.0668139 -0.00448297
-14.2667 -0.0674118 -0.00456392
-14.1333 -0.0680203 -0.00464707
-14 -0.0686399 -0.00473251
-13.8667 -0.0692708 -0.00482033
-13.7333 -0.0699134 -0.00491061
-13.6 -0.070568 -0.00500344
-13.4667 -0.0712349 -0.00509893
-13.3333 -0.0719144 -0.00519717
-13.2 -0.0726069 -0.00529827
-13.0667 -0.0733129 -0.00540235
-12.9333 -0.0740326 -0.00550951
-12.8 -0.0747665 -0.00561989
-12.6667 -0.075515 -0.00573362
-12.5333 -0.0762786 -0.00585082
-12.4 -0.0770577 -0.00597165
-12.2667 -0.0778527 -0.00609625
-12.1333 -0.0786643 -0.00622478
-12 -0.0794928 -0.00635742
-11.8667 -0.0803388 -0.00649433
-11.7333 -0.0812029 -0.00663569
-11.6 -0.0820857 -0.00678172
-11.4667 -0.0829878 -0.0069326
-11.3333 -0.0839097 -0.00708857
-11.2 -0.0848523 -0.00724984
-11.0667 -0.085816 -0.00741667
-10.9333 -0.0868018 -0.00758931
-10.8 -0.0878103 -0.00776804
-10.6667 -0.0888423 -0.00795313
-10.5333 -0.0898986 -0.0081449
-10.4 -0.0909801 -0.00834368
-10.2667 -0.0920878 -0.0085498
-10.1333 -0.0932225 -0.00876363
-10 -0.0943853 -0.00898556
-9.86667 -0.0955772 -0.009216
-9.73333 -0.0967992 -0.00945539
-9.6 -0.0980526 -0.00970421
-9.46667 -0.0993386 -0.00996294
-9.33333 -0.100658 -0.0102321
-9.2 -0.102013 -0.0105123
-9.06667 -0.103405 -0.0108042
-8.93333 -0.104834 -0.0111083
-8.8 -0.106304 -0.0114254
-8.66667 -0.107814 -0.0117562
-8.53333 -0.109367 -0.0121016
-8.4 -0.110966 -0.0124623
-8.26667 -0.112611 -0.0128393
-8.13333 -0.114305 -0.0132337
-8 -0.11605 -0.0136464
-7.86667 -0.117848 -0.0140786
-7.73333 -0.119702 -0.0145316
-7.6 -0.121614 -0.0150067
-7.46667 -0.123587 -0.0155054
-7.33333 -0.125625 -0.0160293
-7.2 -0.127729 -0.01658
-7.06667 -0.129904 -0.0171594
-6.93333 -0.132153 -0.0177696
-6.8 -0.13448 -0.0184128
-6.66667 -0.136888 -0.0190913
-6.53333 -0.139382 -0.0198077
-6.4 -0.141967 -0.0205651
-6.26667 -0.144648 -0.0213664
-6.13333 -0.147429 -0.0222152
-6 -0.150316 -0.0231152
-5.86667 -0.153316 -0.0240706
-5.73333 -0.156434 -0.025086
-5.6 -0.159679 -0.0261666
-5.46667 -0.163057 -0.027318
-5.33333 -0.166576 -0.0285463
-5.2 -0.170245 -0.0298587
-5.06667 -0.174073 -0.0312628
-4.93333 -0.178072 -0.0327673
-4.8 -0.182251 -0.0343819
-4.66667 -0.186622 -0.0361175
-4.53333 -0.191199 -0.0379863
-4.4 -0.195995 -0.0400021
-4.26667 -0.201025 -0.0421804
-4.13333 -0.206307 -0.044539
-4 -0.211857 -0.047098
-3.86667 -0.217695 -0.0498802
-3.73333 -0.223841 -0.0529118
-3.6 -0.23032 -0.0562229
-3.46667 -0.237154 -0.0598479
-3.33333 -0.244371 -0.0638268
-3.2 -0.251999 -0.0682057
-3.06667 -0.260069 -0.0730382
-2.93333 -0.268614 -0.0783868
-2.8 -0.277668 -0.0843248
-2.66667 -0.287267 -0.0909381
-2.53333 -0.297451 -0.0983279
-2.4 -0.308255 -0.106614
-2.26667 -0.319718 -0.115939
-2.13333 -0.331875 -0.126472
-2 -0.344752 -0.138415
-1.86667 -0.358368 -0.152013
-1.73333 -0.372724 -0.167558
-1.6 -0.387792 -0.185402
-1.46667 -0.403502 -0.205972
-1.33333 -0.41972 -0.229781
-1.2 -0.43621 -0.257446
-1.06667 -0.452587 -0.2897
-0.933333 -0.468244 -0.327398
-0.8 -0.482244 -0.371503
-0.666667 -0.493181 -0.42303
-0.533333 -0.498996 -0.482905
-0.4 -0.496789 -0.551693
-0.266667 -0.482699 -0.629112
-0.133333 -0.452034 -0.713297
0 -0.399913 -0.799935
0.133333 -0.322713 -0.881637
0.266667 -0.220206 -0.948341
0.4 -0.0975198 -0.98943
0.533333 0.0347003 -0.99732
0.666667 0.16291 -0.970653
0.8 0.274991 -0.914839
0.933333 0.363637 -0.839581
1.06667 0.427089 -0.755239
1.2 0.467677 -0.670191
1.33333 0.489715 -0.589901
1.46667 0.497858 -0.517213
1.6 0.496209 -0.453113
1.73333 0.488019 -0.397478
1.86667 0.475696 -0.349616
2 0.460948 -0.308612
2.13333 0.44495 -0.273519
2.26667 0.428488 -0.243454
2.4 0.412077 -0.217634
2.53333 0.396041 -0.195388
2.66667 0.380576 -0.176149
2.8 0.365791 -0.159442
2.93333 0.351739 -0.144874
3.06667 0.338436 -0.132116
3.2 0.325873 -0.120898
3.33333 0.314025 -0.110994
3.46667 0.302861 -0.102214
3.6 0.292345 -0.094402
3.73333 0.282436 -0.0874255
3.86667 0.273098 -0.0811734
4 0.26429 -0.0755517
4.13333 0.255978 -0.0704807
4.26667 0.248126 -0.0658925
4.4 0.240702 -0.0617292
4.53333 0.233676 -0.057941
4.66667 0.227021 -0.054485
4.8 0.220711 -0.0513242
4.93333 0.214721 -0.0484265
5.06667 0.209029 -0.0457639
5.2 0.203616 -0.0433121
5.33333 0.198463 -0.0410496
5.46667 0.193552 -0.0389577
5.6 0.188868 -0.03702
5.73333 0.184397 -0.0352217
5.86667 0.180124 -0.03355
6 0.176038 -0.0319934
6.13333 0.172127 -0.0305417
6.26667 0.16838 -0.0291857
6.4 0.164788 -0.0279173
6.53333 0.161341 -0.0267291
6.66667 0.158032 -0.0256146
6.8 0.154852 -0.0245679
6.93333 0.151794 -0.0235836
7.06667 0.148852 -0.0226569
7.2 0.146019 -0.0217834
7.33333 0.14329 -0.0209591
7.46667 0.140658 -0.0201804
7.6 0.138119 -0.0194441
7.73333 0.135669 -0.0187471
7.86667 0.133303 -0.0180868
8 0.131016 -0.0174605
8.13333 0.128804 -0.0168661
8.26667 0.126665 -0.0163013
8.4 0.124595 -0.0157643
8.53333 0.12259 -0.0152533
8.66667 0.120648 -0.0147666
8.8 0.118765 -0.0143028
8.93333 0.11694 -0.0138603
9.06667 0.115169 -0.013438
9.2 0.11345 -0.0130347
9.33333 0.111781 -0.0126491
9.46667 0.110159 -0.0122804
9.6 0.108584 -0.0119274
9.73333 0.107052 -0.0115895
9.86667 0.105563 -0.0112656
10 0.104114 -0.0109551
10.1333 0.102703 -0.0106572
10.2667 0.10133 -0.0103712
10.4 0.0999933 -0.0100966
10.5333 0.0986907 -0.00983267
10.6667 0.0974212 -0.00957895
10.8 0.0961837 -0.0093349
10.9333 0.0949769 -0.00910002
11.0667 0.0937997 -0.00887388
11.2 0.0926512 -0.00865604
11.3333 0.0915301 -0.0084461
11.4667 0.0904357 -0.00824368
11.6 0.0893669 -0.00804844
11.7333 0.0883229 -0.00786003
11.8667 0.0873028 -0.00767815
12 0.0863058 -0.00750249
12.1333 0.0853311 -0.00733278
12.2667 0.0843781 -0.00716875
12.4 0.083446 -0.00701015
12.5333 0.082534 -0.00685674
12.6667 0.0816417 -0.0067083
12.8 0.0807684 -0.00656462
12.9333 0.0799134 -0.00642549
13.0667 0.0790762 -0.00629074
13.2 0.0782562 -0.00616017
13.3333 0.077453 -0.00603361
13.4667 0.076666 -0.00591091
13.6 0.0758948 -0.0057919
13.7333 0.0751388 -0.00567645
13.8667 0.0743976 -0.0055644
14 0.0736709 -0.00545564
14.1333 0.0729581 -0.00535002
14.2667 0.0722589 -0.00524744
14.4 0.0715729 -0.00514778
14.5333 0.0708998 -0.00505092
14.6667 0.0702391 -0.00495676
14.8 0.0695906 -0.00486521
14.9333 0.0689539 -0.00477617
15.0667 0.0683287 -0.00468954
15.2 0.0677146 -0.00460524
15.3333 0.0671115 -0.0045232
15.4667 0.0665189 -0.00444332
15.6 0.0659367 -0.00436553
15.7333 0.0653645 -0.00428977
15.8667 0.0648022 -0.00421595
16 0.0642494 -0.00414402
16.1333 0.0637059 -0.00407391
16.2667 0.0631714 -0.00400557
16.4 0.0626459 -0.00393892
16.5333 0.062129 -0.00387392
16.6667 0.0616205 -0.00381051
16.8 0.0611202 -0.00374864
16.9333 0.0606279 -0.00368826
17.0667 0.0601435 -0.00362932
17.2 0.0596668 -0.00357178
17.3333 0.0591975 -0.0035156
17.4667 0.0587355 -0.00346072
17.6 0.0582806 -0.00340712
17.7333 0.0578327 -0.00335474
17.8667 0.0573916 -0.00330356
18 0.0569571 -0.00325353
18.1333 0.0565291 -0.00320463
18.2667 0.0561075 -0.00315682
18.4 0.0556921 -0.00311007
18.5333 0.0552828 -0.00306434
18.6667 0.0548794 -0.00301962
18.8 0.0544818 -0.00297587
18.9333 0.05409 -0.00293306
19.0667 0.0537037 -0.00289119
19.2 0.0533228 -0.00285021
19.3333 0.0529474 -0.00281013
19.4667 0.0525772 -0.00277092
19.6 0.0522121 -0.00273255
19.7333 0.0518522 -0.00269504
19.8667 0.0514972 -0.00265832
20 0.051147 -0.00262235
