-20 -0.0487124 -0.0017799
-19.8667 -0.0490302 -0.00180244
-19.7333 -0.049352 -0.00182548
-19.6 -0.0496784 -0.00184914
-19.4667 -0.0500095 -0.00187361
-19.3333 -0.0503452 -0.00189871
-19.2 -0.0506855 -0.00192447
-19.0667 -0.0510304 -0.00195085
-18.9333 -0.05138 -0.00197784
-18.8 -0.0517344 -0.00200543
-18.6667 -0.0520936 -0.00203359
-18.5333 -0.0524578 -0.00206235
-18.4 -0.0528271 -0.00209173
-18.2667 -0.0532015 -0.0021217
-18.1333 -0.0535812 -0.00215231
-18 -0.0539663 -0.00218358
-17.8667 -0.0543569 -0.00221551
-17.7333 -0.0547532 -0.00224811
-17.6 -0.0551553 -0.00228144
-17.4667 -0.0555633 -0.00231549
-17.3333 -0.0559773 -0.00235028
-17.2 -0.0563976 -0.00238587
-17.0667 -0.0568242 -0.00242225
-16.9333 -0.0572572 -0.00245944
-16.8 -0.0576969 -0.00249751
-16.6667 -0.0581434 -0.00253644
-16.5333 -0.0585968 -0.00257628
-16.4 -0.0590573 -0.00261707
-16.2667 -0.0595251 -0.00265882
-16.1333 -0.0600004 -0.00270156
-16 -0.0604833 -0.00274534
-15.8667 -0.060974 -0.00279019
-15.7333 -0.0614727 -0.00283614
-15.6 -0.0619796 -0.00288321
-15.4667 -0.0624949 -0.00293147
-15.3333 -0.0630189 -0.00298095
-15.2 -0.0635517 -0.00303167
-15.0667 -0.0640935 -0.00308371
-14.9333 -0.0646447 -0.00313709
-14.8 -0.0652054 -0.00319185
-14.6667 -0.0657759 -0.00324806
-14.5333 -0.0663564 -0.00330577
-14.4 -0.0669473 -0.00336502
-14.2667 -0.0675487 -0.00342588
-14.1333 -0.068161 -0.0034884
-14 -0.0687845 -0.00355264
-13.8667 -0.0694195 -0.00361866
-13.7333 -0.0700663 -0.00368654
-13.6 -0.0707252 -0.00375634
-13.4667 -0.0713966 -0.00382814
-13.3333 -0.0720808 -0.00390201
-13.2 -0.0727783 -0.00397804
-13.0667 -0.0734893 -0.00405631
-12.9333 -0.0742143 -0.0041369
-12.8 -0.0749537 -0.00421992
-12.6667 -0.075708 -0.00430545
-12.5333 -0.0764775 -0.00439362
-12.4 -0.0772628 -0.00448451
-12.2667 -0.0780644 -0.00457824
-12.1333 -0.0788827 -0.00467494
-12 -0.0797182 -0.00477473
-11.8667 -0.0805716 -0.00487775
-11.7333 -0.0814435 -0.00498412
-11.6 -0.0823343 -0.00509401
-11.4667 -0.0832447 -0.00520758
-11.3333 -0.0841755 -0.00532497
-11.2 -0.0851272 -0.00544637
-11.0667 -0.0861006 -0.00557197
-10.9333 -0.0870964 -0.00570195
-10.8 -0.0881155 -0.00583652
-10.6667 -0.0891586 -0.00597592
-10.5333 -0.0902265 -0.00612035
-10.4 -0.0913203 -0.00627008
-10.2667 -0.0924408 -0.00642537
-10.1333 -0.093589 -0.00658648
-10 -0.0947659 -0.00675372
-9.86667 -0.0959727 -0.00692741
-9.73333 -0.0972105 -0.00710787
-9.6 -0.0984804 -0.00729546
-9.46667 -0.0997839 -0.00749057
-9.33333 -0.101122 -0.0076936
-9.2 -0.102496 -0.00790499
-9.06667 -0.103909 -0.0081252
-8.93333 -0.10536 -0.00835472
-8.8 -0.106852 -0.0085941
-8.66667 -0.108387 -0.0088439
-8.53333 -0.109966 -0.00910474
-8.4 -0.111592 -0.00937727
-8.26667 -0.113266 -0.00966222
-8.13333 -0.114991 -0.00996034
-8 -0.116769 -0.0102725
-7.86667 -0.118602 -0.0105995
-7.73333 -0.120493 -0.0109423
-7.6 -0.122446 -0.0113021
-7.46667 -0.124462 -0.0116798
-7.33333 -0.126545 -0.0120768
-7.2 -0.128698 -0.0124944
-7.06667 -0.130926 -0.012934
-6.93333 -0.133231 -0.0133973
-6.8 -0.135618 -0.0138858
-6.66667 -0.138091 -0.0144016
-6.53333 -0.140655 -0.0149466
-6.4 -0.143316 -0.0155232
-6.26667 -0.146078 -0.0161338
-6.13333 -0.148947 -0.0167812
-6 -0.15193 -0.0174683
-5.86667 -0.155033 -0.0181986
-5.73333 -0.158264 -0.0189756
-5.6 -0.161631 -0.0198036
-5.46667 -0.165143 -0.020687
-5.33333 -0.168808 -0.021631
-5.2 -0.172636 -0.0226412
-5.06667 -0.17664 -0.0237239
-4.93333 -0.18083 -0.0248863
-4.8 -0.185221 -0.0261366
-4.66667 -0.189825 -0.0274836
-4.53333 -0.194659 -0.0289377
-4.4 -0.19974 -0.0305105
-4.26667 -0.205086 -0.0322154
-4.13333 -0.210718 -0.0340675
-4 -0.216659 -0.0360841
-3.86667 -0.222933 -0.0382854
-3.73333 -0.229568 -0.0406943
-3.6 -0.236594 -0.0433376
-3.46667 -0.244044 -0.0462463
-3.33333 -0.251954 -0.0494565
-3.2 -0.260366 -0.0530105
-3.06667 -0.269324 -0.056958
-2.93333 -0.278876 -0.0613574
-2.8 -0.289077 -0.0662778
-2.66667 -0.299986 -0.071801
-2.53333 -0.311667 -0.0780244
-2.4 -0.324191 -0.0850642
-2.26667 -0.337633 -0.0930595
-2.13333 -0.352075 -0.102177
-2 -0.367605 -0.112619
-1.86667 -0.384313 -0.124629
-1.73333 -0.402295 -0.138504
-1.6 -0.421647 -0.154609
-1.46667 -0.442464 -0.173396
-1.33333 -0.46483 -0.195433
-1.2 -0.48881 -0.221445
-1.06667 -0.514419 -0.252372
-0.933333 -0.541566 -0.28946
-0.8 -0.569943 -0.334376
-0.666667 -0.598803 -0.389356
-0.533333 -0.626534 -0.457335
-0.4 -0.649936 -0.541922
-0.266667 -0.66309 -0.646904
-0.133333 -0.65604 -0.774636
0 -0.61425 -0.922603
0.133333 -0.521193 -1.07833
0.266667 -0.366703 -1.216
0.4 -0.158954 -1.302
0.533333 0.0712329 -1.3118
0.666667 0.283596 -1.24571
0.8 0.449194 -1.12677
0.933333 0.559571 -0.984728
1.06667 0.62141 -0.842699
1.2 0.647125 -0.713526
1.33333 0.648701 -0.602073
1.46667 0.635421 -0.508623
1.6 0.613725 -0.431392
1.73333 0.587805 -0.367937
1.86667 0.560269 -0.315834
2 0.532682 -0.272946
2.13333 0.505937 -0.237485
2.26667 0.480513 -0.208005
2.4 0.456629 -0.183346
2.53333 0.434355 -0.162588
2.66667 0.41367 -0.145001
2.8 0.394502 -0.130006
2.93333 0.376757 -0.117143
3.06667 0.360329 -0.106041
3.2 0.345111 -0.0964059
3.33333 0.330999 -0.087998
3.46667 0.317895 -0.0806234
3.6 0.30571 -0.0741235
3.73333 0.294361 -0.0683683
3.86667 0.283774 -0.0632504
4 0.27388 -0.0586805
4.13333 0.264618 -0.0545842
4.26667 0.255934 -0.0508991
4.4 0.247779 -0.0475725
4.53333 0.240109 -0.0445598
4.66667 0.232882 -0.0418231
4.8 0.226064 -0.0393298
4.93333 0.219623 -0.0370521
5.06667 0.213528 -0.034966
5.2 0.207754 -0.0330507
5.33333 0.202277 -0.0312881
5.46667 0.197075 -0.0296624
5.6 0.192128 -0.0281599
5.73333 0.187418 -0.0267685
5.86667 0.18293 -0.0254775
6 0.178648 -0.0242775
6.13333 0.174558 -0.0231601
6.26667 0.170649 -0.022118
6.4 0.166908 -0.0211445
6.53333 0.163326 -0.0202338
6.66667 0.159892 -0.0193806
6.8 0.156597 -0.0185801
6.93333 0.153434 -0.0178281
7.06667 0.150395 -0.0171208
7.2 0.147472 -0.0164547
7.33333 0.14466 -0.0158267
7.46667 0.141951 -0.0152338
7.6 0.139342 -0.0146736
7.73333 0.136825 -0.0141437
7.86667 0.134397 -0.013642
8 0.132053 -0.0131664
8.13333 0.129789 -0.0127152
8.26667 0.1276 -0.0122868
8.4 0.125483 -0.0118796
8.53333 0.123435 -0.0114924
8.66667 0.121452 -0.0111237
8.8 0.119532 -0.0107724
8.93333 0.11767 -0.0104375
9.06667 0.115866 -0.010118
9.2 0.114115 -0.00981285
9.33333 0.112417 -0.0095213
9.46667 0.110767 -0.00924254
9.6 0.109166 -0.00897581
9.73333 0.107609 -0.00872046
9.86667 0.106096 -0.00847583
10 0.104625 -0.00824132
10.1333 0.103194 -0.00801641
10.2667 0.101801 -0.00780057
10.4 0.100445 -0.0075933
10.5333 0.099125 -0.00739418
10.6667 0.0978387 -0.00720278
10.8 0.0965852 -0.0070187
10.9333 0.0953632 -0.00684158
11.0667 0.0941717 -0.00667107
11.2 0.0930094 -0.00650684
11.3333 0.0918753 -0.0063486
11.4667 0.0907685 -0.00619605
11.6 0.0896879 -0.00604892
11.7333 0.0886326 -0.00590696
11.8667 0.0876017 -0.00576994
12 0.0865945 -0.00563762
12.1333 0.08561 -0.00550979
12.2667 0.0846477 -0.00538625
12.4 0.0837066 -0.00526682
12.5333 0.0827862 -0.00515131
12.6667 0.0818857 -0.00503954
12.8 0.0810045 -0.00493138
12.9333 0.080142 -0.00482665
13.0667 0.0792976 -0.00472521
13.2 0.0784708 -0.00462694
13.3333 0.077661 -0.0045317
13.4667 0.0768677 -0.00443935
13.6 0.0760904 -0.0043498
13.7333 0.0753286 -0.00426293
13.8667 0.0745818 -0.00417862
14 0.0738497 -0.00409679
14.1333 0.0731318 -0.00401733
14.2667 0.0724276 -0.00394016
14.4 0.0717369 -0.00386518
14.5333 0.0710591 -0.00379232
14.6667 0.070394 -0.00372149
14.8 0.0697412 -0.00365263
14.9333 0.0691004 -0.00358565
15.0667 0.0684713 -0.00352049
15.2 0.0678534 -0.00345709
15.3333 0.0672466 -0.00339538
15.4667 0.0666505 -0.00333529
15.6 0.0660648 -0.00327679
15.7333 0.0654894 -0.0032198
15.8667 0.0649238 -0.00316427
16 0.0643679 -0.00311017
16.1333 0.0638214 -0.00305742
16.2667 0.0632841 -0.00300601
16.4 0.0627558 -0.00295587
16.5333 0.0622361 -0.00290696
16.6667 0.061725 -0.00285925
16.8 0.0612222 -0.00281269
16.9333 0.0607275 -0.00276724
17.0667 0.0602407 -0.00272289
17.2 0.0597616 -0.00267957
17.3333 0.05929 -0.00263726
17.4667 0.0588259 -0.00259594
17.6 0.0583688 -0.00255556
17.7333 0.0579188 -0.00251608
17.8667 0.0574756 -0.00247751
18 0.0570392 -0.0024398
18.1333 0.0566092 -0.0024029
18.2667 0.0561856 -0.00236682
18.4 0.0557683 -0.00233155
18.5333 0.055357 -0.00229701
18.6667 0.0549517 -0.00226324
18.8 0.0545522 -0.00223021
18.9333 0.0541583 -0.00219788
19.0667 0.0537701 -0.0021663
19.2 0.0533874 -0.00213545
19.3333 0.05301 -0.00210536
19.4667 0.052638 -0.00207605
19.6 0.0522714 -0.00204752
19.7333 0.0519102 -0.00201992
19.8667 0.0515543 -0.00199309
20 0.0512032 -0.00196691
