-20 -0.0487895 0.00119287
-19.6 -0.0497607 0.00124045
-19.2 -0.0507707 0.0012915
-18.8 -0.0518226 0.00134578
-18.4 -0.0529187 0.00140358
-18 -0.0540621 0.00146495
-17.6 -0.055256 0.00153051
-17.2 -0.0565038 0.00160051
-16.8 -0.0578092 0.00167537
-16.4 -0.0591763 0.00175564
-16 -0.0606096 0.00184183
-15.6 -0.062114 0.00193445
-15.2 -0.063695 0.00203432
-14.8 -0.0653584 0.00214209
-14.4 -0.0671109 0.00225861
-14 -0.0689599 0.00238497
-13.6 -0.0709135 0.00252222
-13.2 -0.0729809 0.00267158
-12.8 -0.0751722 0.00283472
-12.4 -0.0774991 0.00301322
-12 -0.0799743 0.00320901
-11.6 -0.0826125 0.00342466
-11.2 -0.0854304 0.00366274
-10.8 -0.088447 0.00392634
-10.4 -0.0916838 0.00421968
-10 -0.0951659 0.00454702
-9.6 -0.0989224 0.0049137
-9.2 -0.102987 0.00532685
-8.8 -0.107398 0.0057942
-8.4 -0.112203 0.00632529
-8 -0.117457 0.0069333
-7.6 -0.123224 0.00763293
-7.2 -0.129585 0.00844307
-6.8 -0.136634 0.00938977
-6.4 -0.144491 0.0105042
-6 -0.153301 0.0118273
-5.6 -0.163248 0.0134174
-5.2 -0.174565 0.0153489
-4.8 -0.187557 0.0177249
-4.4 -0.202619 0.0206995
-4 -0.220289 0.0244872
-3.6 -0.241303 0.0294137
-3.2 -0.26669 0.0360056
-2.8 -0.297945 0.0451226
-2.4 -0.337298 0.0582203
-2 -0.388017 0.078107
-1.6 -0.455241 0.109993
-1.2 -0.546872 0.164607
-0.8 -0.675127 0.26747
-0.4 -0.851984 0.489092
0 -0.987266 1.03254
0.4 -0.32038 1.91633
0.8 0.875666 1.42843
1.2 0.934654 0.667966
1.6 0.749146 0.339752
2 0.597542 0.197489
2.4 0.490123 0.127432
2.8 0.413229 0.0887136
3.2 0.356395 0.0652147
3.6 0.312946 0.0499633
4 0.278769 0.0394867
4.4 0.251227 0.0319841
4.8 0.228579 0.0264302
5.2 0.20964 0.0222023
5.6 0.193573 0.0189092
6 0.179777 0.0162964
6.4 0.167803 0.0141884
6.8 0.157316 0.0124627
7.2 0.148055 0.0110331
7.6 0.13982 0.0098356
8 0.132448 0.0088223
8.4 0.125811 0.00795762
8.8 0.119806 0.00721398
9.2 0.114345 0.00656957
9.6 0.10936 0.00600771
10 0.104789 0.00551492
10.4 0.100585 0.00508023
10.8 0.0967039 0.0046949
11.2 0.0931106 0.00435183
11.6 0.0897742 0.00404495
12 0.0866683 0.00376938
12.4 0.0837696 0.00352106
12.8 0.0810583 0.00329645
13.2 0.0785167 0.00309264
13.6 0.0761294 0.00290719
14 0.0738828 0.0027379
14.4 0.0717648 0.00258296
14.8 0.0697647 0.00244083
15.2 0.0678729 0.0023101
15.6 0.066081 0.00218958
16 0.0643811 0.00207828
16.4 0.0627664 0.00197523
16.8 0.0612307 0.00187964
17.2 0.0597682 0.00179085
17.6 0.058374 0.00170819
18 0.0570433 0.00163103
18.4 0.055772 0.00155906
18.8 0.0545559 0.00149156
19.2 0.0533913 0.00142834
19.6 0.0522756 0.00136904
20 0.051205 0.00131385
