-20 0.0201614 0.0115105
-19.6 0.0198722 0.011263
-19.2 0.0198094 0.0115096
-18.8 0.0194093 0.0108315
-18.4 0.0175567 0.00837391
-18 0.0178739 0.00869253
-17.6 0.016593 0.00813146
-17.2 0.018145 0.00902779
-16.8 0.0172922 0.00850334
-16.4 0.018013 0.00880735
-16 0.0186074 0.00922145
-15.6 0.0179625 0.00868288
-15.2 0.0182124 0.00811832
-14.8 0.0177622 0.00831207
-14.4 0.018465 0.00876787
-14 0.0177029 0.008182
-13.6 0.015632 0.00684997
-13.2 0.0175 0.00773859
-12.8 0.0185392 0.00814939
-12.4 0.0174501 0.00769372
-12 0.0154858 0.00636298
-11.6 0.0172194 0.00717105
-11.2 0.0192298 0.00772637
-10.8 0.0172556 0.00714565
-10.4 0.0157073 0.00638121
-10 0.0169416 0.00653629
-9.6 0.0167938 0.00625943
-9.2 0.0171825 0.00644891
-8.8 0.0157983 0.00572193
-8.4 0.016734 0.00579776
-8 0.0147639 0.00539915
-7.6 0.0170015 0.00584357
-7.2 0.0149644 0.00479917
-6.8 0.0165033 0.00486562
-6.4 0.0185985 0.00570884
-6 0.0170867 0.00490693
-5.6 0.0137716 0.00372586
-5.2 0.0159923 0.0034966
-4.8 0.02107 0.00650803
-4.4 0.0163537 0.00535166
-4 0.0129242 0.0026062
-3.6 0.0136594 0.00177374
-3.2 0.0151997 0.00609533
-2.8 0.0034795 0.00546851
-2.4 0.0011634 0.00301018
-2 0.00225362 0.00293172
-1.6 1.94368e-05 0.0018582
-1.2 0.00113158 0.00125536
-0.8 0.00975552 0.00320115
-0.4 0.0108514 0.00314496
0 0.00807758 0.00709562
0.4 0.0143489 -0.00059566
0.8 0.0101561 0.0010363
1.2 0.0040701 -0.000570675
1.6 0.00555515 -0.000316376
2 -0.00383347 -0.00334187
2.4 -0.0117192 0.00290884
2.8 -0.00404739 0.00413008
3.2 -0.00125437 0.00624296
3.6 0.00434366 0.0104911
4 0.0109912 0.0123571
4.4 0.00725264 0.00785737
4.8 0.00570078 0.00650067
5.2 0.0117876 0.00690439
5.6 0.0165146 0.00706142
6 0.0115392 0.00585631
6.4 0.010706 0.00586615
6.8 0.0126185 0.00554177
7.2 0.0143773 0.00557149
7.6 0.0123326 0.0050733
8 0.0143148 0.00561862
8.4 0.0127065 0.00494768
8.8 0.0135421 0.00489667
9.2 0.0124586 0.00467203
9.6 0.0128565 0.0043228
10 0.0126507 0.00455482
10.4 0.0135638 0.00462045
10.8 0.0124309 0.00436446
11.2 0.0115593 0.00409079
11.6 0.0125067 0.00427673
12 0.013832 0.00415151
12.4 0.0123224 0.00413589
12.8 0.0118308 0.00403025
13.2 0.0123288 0.00406005
13.6 0.0135559 0.00409469
14 0.012182 0.00392863
14.4 0.0118102 0.00392429
14.8 0.0121606 0.00386892
15.2 0.0120772 0.00358128
15.6 0.0120462 0.00374171
16 0.0117439 0.00372163
16.4 0.0120226 0.00369315
16.8 0.0123745 0.00366444
17.2 0.0119616 0.00355508
17.6 0.0127555 0.00358583
18 0.0121404 0.00339928
18.4 0.012367 0.00326593
18.8 0.0112935 0.00340356
19.2 0.0110999 0.00342184
19.6 0.0111584 0.00326752
20 0.011072 0.00320867
