-20 0.491012 0.000101756
-19.6 0.490929 4.9296e-05
-19.2 0.490918 6.75518e-05
-18.8 0.490881 8.3537e-05
-18.4 0.490877 0.000110128
-18 0.490894 0.000113617
-17.6 0.490908 0.00012524
-17.2 0.49092 0.000130412
-16.8 0.490931 0.000129529
-16.4 0.490939 0.00013218
-16 0.490945 0.000134737
-15.6 0.49095 0.000132054
-15.2 0.490956 0.000134318
-14.8 0.49096 0.000135446
-14.4 0.490964 0.000133148
-14 0.490968 0.00013481
-13.6 0.490972 0.000135967
-13.2 0.490976 0.000132836
-12.8 0.490983 0.000134493
-12.4 0.490987 0.000134895
-12 0.490993 0.000130704
-11.6 0.491 0.000131348
-11.2 0.491007 0.00013071
-10.8 0.491014 0.000123655
-10.4 0.491025 0.000122835
-10 0.491034 0.000119134
-9.6 0.491045 0.000107845
-9.2 0.49106 0.000101822
-8.8 0.491072 9.23722e-05
-8.4 0.491087 7.12177e-05
-8 0.491106 5.54524e-05
-7.6 0.491121 3.22739e-05
-7.2 0.491138 -7.27891e-06
-6.8 0.491157 -4.55761e-05
-6.4 0.49117 -9.61147e-05
-6 0.491177 -0.00017448
-5.6 0.49118 -0.000256436
-5.2 0.491158 -0.000361296
-4.8 0.491107 -0.000506504
-4.4 0.491017 -0.000655653
-4 0.490849 -0.000822872
-3.6 0.490578 -0.000999368
-3.2 0.490186 -0.00110813
-2.8 0.489647 -0.00104531
-2.4 0.489004 -0.000793108
-2 0.488516 -5.98558e-05
-1.6 0.488425 0.00096978
-1.2 0.489138 0.00185165
-0.8 0.49034 0.00224714
-0.4 0.490867 0.00180173
0 0.490802 0.00141484
0.4 0.490858 0.00200308
0.8 0.491661 0.00264969
1.2 0.492975 0.00224229
1.6 0.493654 0.00119436
2 0.493517 4.80655e-06
2.4 0.492971 -0.000783929
2.8 0.492292 -0.00109044
3.2 0.491724 -0.00118526
3.6 0.491303 -0.00106075
4 0.491015 -0.000899695
4.4 0.49084 -0.000729178
4.8 0.490739 -0.000564525
5.2 0.490683 -0.00042246
5.6 0.490661 -0.000312445
6 0.490659 -0.00021862
6.4 0.490666 -0.000141868
6.8 0.490679 -8.70111e-05
7.2 0.490697 -4.0348e-05
7.6 0.490714 -2.32002e-06
8 0.490731 2.43581e-05
8.4 0.490749 4.59204e-05
8.8 0.490764 6.56539e-05
9.2 0.490778 7.78006e-05
9.6 0.490792 8.81339e-05
10 0.490804 9.79355e-05
10.4 0.490814 0.00010388
10.8 0.490825 0.000107731
11.2 0.490833 0.000113602
11.6 0.49084 0.000116044
12 0.490848 0.000117595
12.4 0.490854 0.000120764
12.8 0.490859 0.000121966
13.2 0.490865 0.000121825
13.6 0.490869 0.000124106
14 0.490873 0.000124412
14.4 0.490878 0.000123761
14.8 0.490882 0.000125329
15.2 0.490886 0.000125623
15.6 0.490891 0.000123912
16 0.490896 0.000125982
16.4 0.490903 0.000125015
16.8 0.49091 0.000122262
17.2 0.490921 0.000122886
17.6 0.490932 0.000119593
18 0.490943 0.000107507
18.4 0.490961 0.000103666
18.8 0.490958 8.11846e-05
19.2 0.490911 6.5747e-05
19.6 0.4909 4.58652e-05
20 0.490833 8.63322e-05
