-20 0.0636954 0.0251785
-19.6 0.0541912 0.0230234
-19.2 -0.00275993 0.00239543
-18.8 -0.00143325 0.00383852
-18.4 -0.018424 0.000431689
-18 -0.0120953 0.00301255
-17.6 -0.00747585 0.00339966
-17.2 -0.0106136 0.00418802
-16.8 -0.0130206 0.00402738
-16.4 -0.0102119 0.00572327
-16 -0.0040667 0.00718686
-15.6 -0.00766421 0.00601527
-15.2 -0.0074839 0.0081143
-14.8 -0.00637329 0.00823296
-14.4 -0.00313744 0.0109719
-14 -0.00842034 0.00883231
-13.6 -0.0117625 0.00848311
-13.2 -0.00802619 0.00971099
-12.8 -0.00824097 0.0112695
-12.4 -0.010098 0.0118152
-12 -0.0133854 0.0125092
-11.6 -0.0119841 0.0129988
-11.2 -0.0180707 0.0156626
-10.8 -0.0122361 0.0167908
-10.4 -0.00913992 0.0214918
-10 -0.0121704 0.0194325
-9.6 -0.00635466 0.0229966
-9.2 -0.0179168 0.02016
-8.8 -0.0231337 0.021787
-8.4 -0.0253062 0.0231716
-8 -0.0273118 0.0270431
-7.6 -0.043798 0.0222299
-7.2 -0.0703306 0.0196456
-6.8 -0.0595823 0.0234435
-6.4 -0.0694569 0.0270641
-6 -0.0779806 0.0255555
-5.6 -0.083463 0.0339026
-5.2 -0.102243 0.0251708
-4.8 -0.107256 0.0282513
-4.4 -0.158588 0.00886216
-4 -0.196827 0.0114381
-3.6 -0.226188 -0.011407
-3.2 -0.257603 0.00370856
-2.8 -0.307726 -0.0817188
-2.4 -0.356051 -0.0766116
-2 -0.3882 -0.134485
-1.6 -0.360591 -0.122429
-1.2 -0.38541 -0.230637
-0.8 -0.297793 -0.256708
-0.4 -0.0596112 -0.21736
0 0.270171 -0.0405454
0.4 0.488768 -0.040491
0.8 0.569615 -0.0525929
1.2 0.513451 0.0273068
1.6 0.36633 -0.0147262
2 0.357001 0.0465376
2.4 0.28346 0.0134244
2.8 0.229841 0.0335185
3.2 0.169192 -0.00104675
3.6 0.138829 0.0244445
4 0.11306 0.0118307
4.4 0.0818713 0.0210822
4.8 0.0408541 0.00799371
5.2 0.049791 0.0211455
5.6 0.0471724 0.0134393
6 0.0402126 0.0223269
6.4 0.04045 0.0199647
6.8 0.0288481 0.0207563
7.2 0.0378858 0.0129811
7.6 0.0149929 0.0147294
8 0.000256898 0.00978117
8.4 0.00517817 0.0134967
8.8 0.00361305 0.00912834
9.2 0.000753119 0.0108495
9.6 -0.00852342 0.00446045
10 -5.87001e-05 0.0100486
10.4 0.00235475 0.00732939
10.8 0.00367598 0.0108165
11.2 0.0117532 0.00797245
11.6 0.00409493 0.00862293
12 0.00540046 0.00824498
12.4 0.00705514 0.0113756
12.8 0.00420228 0.00861695
13.2 0.00186493 0.00807675
13.6 0.00320953 0.00489419
14 0.000591183 0.00638349
14.4 0.00104099 0.00853258
14.8 0.000881451 0.00653155
15.2 0.00159657 0.00463416
15.6 0.000690758 0.00516137
16 -0.00314998 0.00308248
16.4 0.00754735 0.00947053
16.8 0.0079697 0.00680079
17.2 0.00199071 0.00653253
17.6 -0.00266504 0.00440137
18 -0.000834319 0.00610785
18.4 0.000408269 0.00456965
18.8 -0.0188696 -0.000734438
19.2 -0.0315066 -0.00625651
19.6 -0.0663664 -0.0081143
20 -0.0715713 -0.0106802
