-20 -1.25767 -2.02877
-19.7333 -1.31327 -1.99059
-19.4667 -1.48967 -1.95121
-19.2 -1.49408 -1.93944
-18.9333 -1.48999 -1.94731
-18.6667 -1.51412 -1.95543
-18.4 -1.50309 -1.96993
-18.1333 -1.49939 -1.97401
-17.8667 -1.48539 -1.97348
-17.6 -1.48765 -1.97541
-17.3333 -1.47424 -1.98393
-17.0667 -1.47464 -1.98111
-16.8 -1.47347 -1.97958
-16.5333 -1.48853 -1.98142
-16.2667 -1.48124 -1.97613
-16 -1.47282 -1.97925
-15.7333 -1.46287 -1.97706
-15.4667 -1.45704 -1.97739
-15.2 -1.45262 -1.98321
-14.9333 -1.45451 -1.98159
-14.6667 -1.44957 -1.9851
-14.4 -1.4624 -1.98294
-14.1333 -1.45847 -1.97601
-13.8667 -1.45748 -1.98152
-13.6 -1.43324 -1.97519
-13.3333 -1.43912 -1.97977
-13.0667 -1.43038 -1.97665
-12.8 -1.45564 -1.9644
-12.5333 -1.46343 -1.95437
-12.2667 -1.46047 -1.96769
-12 -1.46015 -1.96032
-11.7333 -1.45449 -1.96585
-11.4667 -1.44521 -1.97147
-11.2 -1.4532 -1.96308
-10.9333 -1.45519 -1.94875
-10.6667 -1.45116 -1.95822
-10.4 -1.46041 -1.94637
-10.1333 -1.45914 -1.95528
-9.86667 -1.46032 -1.94729
-9.6 -1.44667 -1.95353
-9.33333 -1.44047 -1.94633
-9.06667 -1.45707 -1.94287
-8.8 -1.45979 -1.92783
-8.53333 -1.45507 -1.93309
-8.26667 -1.45647 -1.9241
-8 -1.46239 -1.93612
-7.73333 -1.43644 -1.94342
-7.46667 -1.44782 -1.91754
-7.2 -1.41771 -1.91066
-6.93333 -1.46333 -1.87041
-6.66667 -1.49249 -1.8627
-6.4 -1.49761 -1.85624
-6.13333 -1.52368 -1.84956
-5.86667 -1.5265 -1.83548
-5.6 -1.5121 -1.81489
-5.33333 -1.52804 -1.77843
-5.06667 -1.52235 -1.76452
-4.8 -1.59445 -1.69257
-4.53333 -1.72204 -1.66032
-4.26667 -1.83071 -1.58337
-4 -1.9057 -1.49649
-3.73333 -1.90023 -1.45686
-3.46667 -1.97308 -1.30224
-3.2 -2.19053 -1.19034
-2.93333 -2.34589 -0.970154
-2.66667 -2.4762 -0.918812
-2.4 -2.70019 -0.72034
-2.13333 -2.84753 -0.607119
-1.86667 -3.14554 -0.469176
-1.6 -3.08182 -0.659756
-1.33333 -2.80755 -0.807873
-1.06667 -2.56421 -1.32538
-0.8 -2.59991 -1.36434
-0.533333 -2.35688 -1.70556
-0.266667 -1.37204 -1.95118
0 -0.924304 -1.88975
0.266667 -0.822383 -1.64856
0.533333 -0.374445 -1.997
0.8 0.28784 -1.89737
1.06667 0.356228 -2.3371
1.33333 0.266686 -2.88048
1.6 -0.0644481 -2.88752
1.86667 -0.309698 -3.00645
2.13333 -0.51087 -2.92211
2.4 -0.636048 -2.91971
2.66667 -0.901271 -2.76784
2.93333 -1.01098 -2.7095
3.2 -1.02831 -2.66907
3.46667 -1.05796 -2.64631
3.73333 -1.20739 -2.55148
4 -1.22362 -2.48656
4.26667 -1.25217 -2.43385
4.53333 -1.29487 -2.38797
4.8 -1.41456 -2.36694
5.06667 -1.46184 -2.34085
5.33333 -1.4122 -2.32696
5.6 -1.44744 -2.30839
5.86667 -1.4351 -2.26946
6.13333 -1.39541 -2.26418
6.4 -1.41468 -2.21764
6.66667 -1.46471 -2.20861
6.93333 -1.48709 -2.18674
7.2 -1.49702 -2.17066
7.46667 -1.47227 -2.15926
7.73333 -1.49543 -2.15894
8 -1.47503 -2.14496
8.26667 -1.44971 -2.14428
8.53333 -1.45776 -2.11788
8.8 -1.48082 -2.1162
9.06667 -1.48207 -2.10514
9.33333 -1.47316 -2.10215
9.6 -1.46635 -2.09979
9.86667 -1.46909 -2.09661
10.1333 -1.45401 -2.08917
10.4 -1.44915 -2.07991
10.6667 -1.47999 -2.07588
10.9333 -1.48583 -2.069
11.2 -1.47125 -2.06658
11.4667 -1.4745 -2.05919
11.7333 -1.47927 -2.07121
12 -1.46876 -2.07724
12.2667 -1.455 -2.06826
12.5333 -1.4535 -2.05596
12.8 -1.4665 -2.04114
13.0667 -1.48721 -2.03453
13.3333 -1.4866 -2.04319
13.6 -1.48855 -2.04086
13.8667 -1.4766 -2.03909
14.1333 -1.4808 -2.0351
14.4 -1.47729 -2.03009
14.6667 -1.48404 -2.02873
14.9333 -1.4641 -2.03547
15.2 -1.47003 -2.04038
15.4667 -1.46802 -2.03566
15.7333 -1.46606 -2.03335
16 -1.4554 -2.03488
16.2667 -1.45483 -2.03993
16.5333 -1.45285 -2.03989
16.8 -1.44333 -2.04214
17.0667 -1.43156 -2.04476
17.3333 -1.4509 -2.0341
17.6 -1.44505 -2.03336
17.8667 -1.44744 -2.02986
18.1333 -1.4332 -2.03254
18.4 -1.44293 -2.03007
18.6667 -1.4265 -2.03268
18.9333 -1.40921 -2.03211
19.2 -1.50363 -1.99258
19.4667 -1.5705 -1.97567
19.7333 -1.64104 -1.97317
20 -1.66646 -1.98495
