-20 -57.407 22.0229
-19.6 -57.6869 22.2532
-19.2 -56.9406 22.5946
-18.8 -58.0868 22.5908
-18.4 -64.8021 22.7989
-18 -63.2462 22.6711
-17.6 -66.1959 24.4812
-17.2 -61.3761 22.6458
-16.8 -63.3686 23.5665
-16.4 -61.2043 22.5735
-16 -59.1456 22.0487
-15.6 -60.7269 22.4805
-15.2 -61.0059 21.085
-14.8 -60.9852 22.2796
-14.4 -58.5925 21.6509
-14 -60.5453 22.1792
-13.6 -67.2663 24.1833
-13.2 -60.9965 21.8026
-12.8 -58.0049 20.5376
-12.4 -60.3794 21.8207
-12 -67.2476 23.3674
-11.6 -61.0907 21.2771
-11.2 -55.9744 18.6566
-10.8 -60.2691 21.1522
-10.4 -65.0455 22.8668
-10 -61.3785 20.4891
-9.6 -61.8825 20.1535
-9.2 -60.213 19.8128
-8.8 -64.7575 20.9337
-8.4 -61.754 19.152
-8 -67.7431 22.5148
-7.6 -60.2038 18.747
-7.2 -67.793 20.0991
-6.8 -62.5482 17.1028
-6.4 -55.5381 15.7497
-6 -60.0661 16.1933
-5.6 -73.2606 18.972
-5.2 -64.8773 13.7147
-4.8 -48.1272 14.0494
-4.4 -59.6335 18.7416
-4 -78.3507 15.6597
-3.6 -75.5959 10.0157
-3.2 -59.8764 23.3949
-2.8 -85.6226 130.834
-2.4 -114.107 289.699
-2 -166.813 215.071
-1.6 -7.22849 538.763
-1.2 -397.354 440.158
-0.8 -93.3417 31.033
-0.4 -85.4129 25.3051
0 -69.8782 62.0501
0.4 -69.172 -2.22145
0.8 -96.6485 10.61
1.2 -239.757 -33.1183
1.6 -177.831 -9.55229
2 150.219 -128.545
2.4 82.7783 20.6175
2.8 123.838 124.178
3.2 34.1354 154.631
3.6 -30.0901 82.037
4 -36.1865 45.8473
4.4 -59.031 69.3865
4.8 -71.4569 87.6234
5.2 -57.9642 37.664
5.6 -45.5929 22.5561
6 -62.9116 35.6404
6.4 -65.4378 40.0288
6.8 -59.635 29.8435
7.2 -53.2726 24.1009
7.6 -61.75 29.1954
8 -52.5321 24.4257
8.4 -59.9384 27.2763
8.8 -56.5054 24.2804
9.2 -61.1699 27.0557
9.6 -60.2815 24.1633
10 -59.9758 25.8611
10.4 -55.6599 23.1696
10.8 -60.8164 25.8109
11.2 -65.6814 27.8746
11.6 -59.9862 25.1459
12 -54.3218 20.5724
12.4 -60.5365 25.1471
12.8 -62.9362 26.4668
13.2 -59.9753 24.7643
13.6 -54.0009 21.0862
14 -60.3554 24.646
14.4 -61.8533 26.004
14.8 -59.874 24.4243
15.2 -60.9083 23.2352
15.6 -60.1093 24.183
16 -61.3795 25.1881
16.4 -59.6047 24.0141
16.8 -57.4964 22.668
17.2 -59.6157 23.497
17.6 -55.0557 21.0917
18 -58.3813 22.0532
18.4 -57.189 20.6286
18.8 -62.3737 25.1302
19.2 -63.0721 26.0292
19.6 -62.9406 24.837
20 -63.3206 24.8131
