-20 0.502407 -0.00145581
-19.8667 0.502639 -0.00211492
-19.7333 0.502888 -0.00268533
-19.6 0.502783 -0.00308605
-19.4667 0.502485 -0.00324449
-19.3333 0.502073 -0.00329375
-19.2 0.501609 -0.00325048
-19.0667 0.501234 -0.00315912
-18.9333 0.500872 -0.00303805
-18.8 0.500538 -0.00289757
-18.6667 0.500303 -0.00277283
-18.5333 0.500089 -0.00264439
-18.4 0.499898 -0.00251577
-18.2667 0.499774 -0.00241235
-18.1333 0.49966 -0.00231069
-18 0.499558 -0.00221217
-17.8667 0.499487 -0.00212984
-17.7333 0.499441 -0.00206169
-17.6 0.499388 -0.00199029
-17.4667 0.499354 -0.00193174
-17.3333 0.499335 -0.00188426
-17.2 0.499308 -0.0018339
-17.0667 0.499293 -0.00179344
-16.9333 0.499288 -0.0017615
-16.8 0.499275 -0.00172688
-16.6667 0.49927 -0.00169988
-16.5333 0.499271 -0.00167947
-16.4 0.499265 -0.00165649
-16.2667 0.499265 -0.00163941
-16.1333 0.499269 -0.00162752
-16 0.499266 -0.00161336
-15.8667 0.499268 -0.00160415
-15.7333 0.499267 -0.00159539
-15.6 0.499272 -0.00159299
-15.4667 0.499274 -0.00159074
-15.3333 0.499273 -0.00158876
-15.2 0.499277 -0.00159207
-15.0667 0.499278 -0.00159538
-14.9333 0.499277 -0.00159884
-14.8 0.499279 -0.00160679
-14.6667 0.499279 -0.00161473
-14.5333 0.499276 -0.0016228
-14.4 0.499276 -0.00163481
-14.2667 0.499274 -0.00164684
-14.1333 0.49927 -0.00165904
-14 0.499267 -0.00167368
-13.8667 0.499264 -0.00169058
-13.7333 0.499258 -0.00170662
-13.6 0.499252 -0.0017249
-13.4667 0.499247 -0.0017453
-13.3333 0.499239 -0.00176504
-13.2 0.499231 -0.00178687
-13.0667 0.499223 -0.00181072
-12.9333 0.499212 -0.0018341
-12.8 0.499201 -0.00185949
-12.6667 0.49919 -0.00188683
-12.5333 0.499177 -0.0019139
-12.4 0.499163 -0.00194292
-12.2667 0.499149 -0.00197386
-12.1333 0.499132 -0.00200472
-12 0.499115 -0.00203751
-11.8667 0.499095 -0.00207103
-11.7333 0.499076 -0.00210706
-11.6 0.499055 -0.00214384
-11.4667 0.499031 -0.00218146
-11.3333 0.499008 -0.00222158
-11.2 0.498982 -0.00226258
-11.0667 0.498954 -0.00230457
-10.9333 0.498925 -0.00234907
-10.8 0.498894 -0.00239461
-10.6667 0.49886 -0.00244128
-10.5333 0.498826 -0.00249049
-10.4 0.498788 -0.0025409
-10.2667 0.498748 -0.0025926
-10.1333 0.498706 -0.0026469
-10 0.498661 -0.00270255
-9.86667 0.498613 -0.00275966
-9.73333 0.498563 -0.00281905
-9.6 0.49851 -0.00288074
-9.46667 0.498452 -0.00294364
-9.33333 0.498392 -0.00300892
-9.2 0.498328 -0.00307661
-9.06667 0.498259 -0.00314569
-8.93333 0.498187 -0.00321722
-8.8 0.49811 -0.00329124
-8.66667 0.498028 -0.00336677
-8.53333 0.497941 -0.00344478
-8.4 0.497849 -0.00352531
-8.26667 0.49775 -0.00360741
-8.13333 0.497645 -0.00369197
-8 0.497534 -0.00377852
-7.86667 0.497415 -0.00386784
-7.73333 0.497289 -0.00395907
-7.6 0.497154 -0.00405224
-7.46667 0.497011 -0.00414797
-7.33333 0.496857 -0.00424535
-7.2 0.496694 -0.0043443
-7.06667 0.496519 -0.0044453
-6.93333 0.496333 -0.00454738
-6.8 0.496134 -0.00465031
-6.66667 0.495921 -0.00475441
-6.53333 0.495693 -0.00485855
-6.4 0.495449 -0.00496229
-6.26667 0.495188 -0.00506566
-6.13333 0.494909 -0.00516728
-6 0.49461 -0.00526634
-5.86667 0.49429 -0.00536227
-5.73333 0.493946 -0.00545386
-5.6 0.493578 -0.00553912
-5.46667 0.493184 -0.00561702
-5.33333 0.492761 -0.00568567
-5.2 0.492308 -0.00574221
-5.06667 0.491822 -0.00578459
-4.93333 0.491302 -0.00580982
-4.8 0.490745 -0.00581367
-4.66667 0.490149 -0.00579256
-4.53333 0.489511 -0.00574176
-4.4 0.48883 -0.00565499
-4.26667 0.488104 -0.00552629
-4.13333 0.487331 -0.00534835
-4 0.48651 -0.0051118
-3.86667 0.48564 -0.00480724
-3.73333 0.484722 -0.00442327
-3.6 0.483757 -0.00394718
-3.46667 0.48275 -0.00336391
-3.33333 0.481705 -0.00265736
-3.2 0.48063 -0.00180954
-3.06667 0.479538 -0.000800098
-2.93333 0.478446 0.00039217
-2.8 0.477375 0.00178957
-2.66667 0.476355 0.00341538
-2.53333 0.475425 0.00529123
-2.4 0.474633 0.00743588
-2.26667 0.47404 0.00986306
-2.13333 0.473721 0.0125762
-2 0.473766 0.0155634
-1.86667 0.474279 0.0187902
-1.73333 0.475374 0.0221904
-1.6 0.477173 0.0256531
-1.46667 0.479787 0.0290112
-1.33333 0.4833 0.0320301
-1.2 0.487732 0.0343988
-1.06667 0.492993 0.0357382
-0.933333 0.498825 0.0356339
-0.8 0.504743 0.0337073
-0.666667 0.510002 0.0297468
-0.533333 0.513648 0.0238917
-0.4 0.514698 0.0168242
-0.266667 0.512505 0.00983998
-0.133333 0.507215 0.00462354
0 0.5 0.00268
0.133333 0.492785 0.00462354
0.266667 0.487495 0.00983998
0.4 0.485302 0.0168242
0.533333 0.486352 0.0238917
0.666667 0.489998 0.0297468
0.8 0.495257 0.0337073
0.933333 0.501175 0.0356339
1.06667 0.507007 0.0357382
1.2 0.512268 0.0343988
1.33333 0.5167 0.0320301
1.46667 0.520213 0.0290112
1.6 0.522827 0.0256531
1.73333 0.524626 0.0221904
1.86667 0.525721 0.0187902
2 0.526234 0.0155634
2.13333 0.526279 0.0125762
2.26667 0.52596 0.00986306
2.4 0.525367 0.00743588
2.53333 0.524575 0.00529123
2.66667 0.523645 0.00341538
2.8 0.522625 0.00178957
2.93333 0.521554 0.00039217
3.06667 0.520462 -0.000800098
3.2 0.51937 -0.00180954
3.33333 0.518295 -0.00265736
3.46667 0.51725 -0.00336391
3.6 0.516243 -0.00394718
3.73333 0.515278 -0.00442327
3.86667 0.51436 -0.00480724
4 0.51349 -0.0051118
4.13333 0.512669 -0.00534835
4.26667 0.511896 -0.00552629
4.4 0.51117 -0.00565499
4.53333 0.510489 -0.00574176
4.66667 0.509851 -0.00579256
4.8 0.509255 -0.00581367
4.93333 0.508698 -0.00580982
5.06667 0.508178 -0.00578459
5.2 0.507692 -0.00574221
5.33333 0.507239 -0.00568567
5.46667 0.506816 -0.00561702
5.6 0.506422 -0.00553912
5.73333 0.506054 -0.00545386
5.86667 0.50571 -0.00536227
6 0.50539 -0.00526634
6.13333 0.505091 -0.00516728
6.26667 0.504812 -0.00506566
6.4 0.504551 -0.00496229
6.53333 0.504307 -0.00485855
6.66667 0.504079 -0.00475441
6.8 0.503866 -0.00465031
6.93333 0.503667 -0.00454738
7.06667 0.503481 -0.0044453
7.2 0.503306 -0.0043443
7.33333 0.503143 -0.00424535
7.46667 0.502989 -0.00414797
7.6 0.502846 -0.00405224
7.73333 0.502711 -0.00395907
7.86667 0.502585 -0.00386784
8 0.502466 -0.00377852
8.13333 0.502355 -0.00369197
8.26667 0.50225 -0.00360741
8.4 0.502151 -0.00352531
8.53333 0.502059 -0.00344478
8.66667 0.501972 -0.00336677
8.8 0.50189 -0.00329124
8.93333 0.501813 -0.00321722
9.06667 0.501741 -0.00314569
9.2 0.501672 -0.00307661
9.33333 0.501608 -0.00300892
9.46667 0.501548 -0.00294364
9.6 0.50149 -0.00288074
9.73333 0.501437 -0.00281905
9.86667 0.501387 -0.00275966
10 0.501339 -0.00270255
10.1333 0.501294 -0.0026469
10.2667 0.501252 -0.0025926
10.4 0.501212 -0.0025409
10.5333 0.501174 -0.00249049
10.6667 0.50114 -0.00244128
10.8 0.501106 -0.00239461
10.9333 0.501075 -0.00234907
11.0667 0.501046 -0.00230457
11.2 0.501018 -0.00226258
11.3333 0.500992 -0.00222158
11.4667 0.500969 -0.00218146
11.6 0.500945 -0.00214384
11.7333 0.500924 -0.00210706
11.8667 0.500905 -0.00207103
12 0.500885 -0.00203751
12.1333 0.500868 -0.00200472
12.2667 0.500851 -0.00197386
12.4 0.500837 -0.00194292
12.5333 0.500823 -0.0019139
12.6667 0.50081 -0.00188683
12.8 0.500799 -0.00185949
12.9333 0.500788 -0.0018341
13.0667 0.500777 -0.00181072
13.2 0.500769 -0.00178687
13.3333 0.500761 -0.00176504
13.4667 0.500753 -0.0017453
13.6 0.500748 -0.0017249
13.7333 0.500742 -0.00170662
13.8667 0.500736 -0.00169058
14 0.500733 -0.00167368
14.1333 0.50073 -0.00165904
14.2667 0.500726 -0.00164684
14.4 0.500724 -0.00163481
14.5333 0.500724 -0.0016228
14.6667 0.500721 -0.00161473
14.8 0.500721 -0.00160679
14.9333 0.500723 -0.00159884
15.0667 0.500722 -0.00159538
15.2 0.500723 -0.00159207
15.3333 0.500727 -0.00158876
15.4667 0.500726 -0.00159074
15.6 0.500728 -0.00159299
15.7333 0.500733 -0.00159539
15.8667 0.500732 -0.00160415
16 0.500734 -0.00161336
16.1333 0.500731 -0.00162752
16.2667 0.500735 -0.00163941
16.4 0.500735 -0.00165649
16.5333 0.500729 -0.00167947
16.6667 0.50073 -0.00169988
16.8 0.500725 -0.00172688
16.9333 0.500712 -0.0017615
17.0667 0.500707 -0.00179344
17.2 0.500692 -0.0018339
17.3333 0.500665 -0.00188426
17.4667 0.500646 -0.00193174
17.6 0.500612 -0.00199029
17.7333 0.500559 -0.00206169
17.8667 0.500513 -0.00212984
18 0.500442 -0.00221217
18.1333 0.50034 -0.00231069
18.2667 0.500226 -0.00241235
18.4 0.500102 -0.00251577
18.5333 0.499911 -0.00264439
18.6667 0.499697 -0.00277283
18.8 0.499462 -0.00289757
18.9333 0.499128 -0.00303805
19.0667 0.498766 -0.00315912
19.2 0.498391 -0.00325048
19.3333 0.497927 -0.00329375
19.4667 0.497515 -0.00324449
19.6 0.497217 -0.00308605
19.7333 0.497112 -0.00268533
19.8667 0.497361 -0.00211492
20 0.497593 -0.00141038
