-20 0.536128 -0.0250616
-19.8 0.540729 -0.0392952
-19.6 0.543852 -0.048949
-19.4 0.539948 -0.0541351
-19.2 0.532306 -0.0556775
-19 0.523673 -0.0549081
-18.8 0.515593 -0.0529202
-18.6 0.508687 -0.0504228
-18.4 0.50308 -0.0478235
-18.2 0.498663 -0.0453366
-18 0.495251 -0.0430635
-17.8 0.492647 -0.0410428
-17.6 0.490677 -0.0392791
-17.4 0.489195 -0.0377604
-17.2 0.488086 -0.0364672
-17 0.487257 -0.035377
-16.8 0.486639 -0.0344673
-16.6 0.486178 -0.0337168
-16.4 0.485837 -0.033106
-16.2 0.485584 -0.0326189
-16 0.485389 -0.032245
-15.8 0.485174 -0.03194
-15.6 0.48505 -0.0317759
-15.4 0.484941 -0.0317036
-15.2 0.484836 -0.0317143
-15 0.484725 -0.0318
-14.8 0.484601 -0.0319541
-14.6 0.48446 -0.0321716
-14.4 0.484297 -0.0324487
-14.2 0.484108 -0.0327821
-14 0.483891 -0.0331697
-13.8 0.483643 -0.0336093
-13.6 0.483361 -0.0340998
-13.4 0.483043 -0.0346399
-13.2 0.482686 -0.0352289
-13 0.482288 -0.0358664
-12.8 0.481844 -0.0365522
-12.6 0.481353 -0.0372863
-12.4 0.480811 -0.0380689
-12.2 0.480214 -0.0389003
-12 0.479559 -0.0397813
-11.8 0.478813 -0.0406904
-11.6 0.47803 -0.0416734
-11.4 0.477174 -0.0427082
-11.2 0.47624 -0.0437956
-11 0.475222 -0.0449365
-10.8 0.474114 -0.0461321
-10.6 0.472907 -0.0473832
-10.4 0.471594 -0.0486908
-10.2 0.470166 -0.0500557
-10 0.468612 -0.0514784
-9.8 0.466922 -0.0529594
-9.6 0.465083 -0.0544987
-9.4 0.463083 -0.056096
-9.2 0.460906 -0.0577502
-9 0.458536 -0.0594598
-8.8 0.455955 -0.0612219
-8.6 0.453144 -0.0630327
-8.4 0.450082 -0.0648871
-8.2 0.446744 -0.0667791
-8 0.443102 -0.0687022
-7.8 0.439119 -0.0706427
-7.6 0.434774 -0.0725982
-7.4 0.430024 -0.0745464
-7.2 0.424829 -0.0764653
-7 0.419145 -0.0783275
-6.8 0.412922 -0.0800993
-6.6 0.406109 -0.081739
-6.4 0.398646 -0.0831955
-6.2 0.390474 -0.0844057
-6 0.381526 -0.0852922
-5.8 0.371735 -0.0857603
-5.6 0.36103 -0.085694
-5.4 0.349343 -0.0849524
-5.2 0.336606 -0.083364
-5 0.322762 -0.0807216
-4.8 0.307768 -0.0767752
-4.6 0.291605 -0.0712262
-4.4 0.274291 -0.063719
-4.2 0.255899 -0.0538358
-4 0.236582 -0.0410915
-3.8 0.216596 -0.0249272
-3.6 0.196371 -0.00473872
-3.4 0.176518 0.0201392
-3.2 0.157924 0.0503719
-3 0.141812 0.0865632
-2.8 0.129814 0.129145
-2.6 0.124035 0.178205
-2.4 0.127061 0.233241
-2.2 0.141891 0.292823
-2 0.171684 0.354177
-1.8 0.219242 0.412747
-1.6 0.286096 0.461876
-1.4 0.371117 0.492893
-1.2 0.468766 0.496053
-1 0.567452 0.462923
-0.8 0.649198 0.390509
-0.6 0.692475 0.286548
-0.4 0.67982 0.17303
-0.2 0.608913 0.0832007
0 0.500037 0.0488451
0.2 0.391161 0.0831994
0.4 0.320253 0.173029
0.6 0.307598 0.286547
0.8 0.350875 0.390508
1 0.432621 0.462922
1.2 0.531308 0.496052
1.4 0.628956 0.492892
1.6 0.713977 0.461875
1.8 0.780831 0.412746
2 0.828389 0.354176
2.2 0.858182 0.292822
2.4 0.873012 0.23324
2.6 0.876038 0.178204
2.8 0.870259 0.129144
3 0.858261 0.0865623
3.2 0.842149 0.0503711
3.4 0.823555 0.0201383
3.6 0.803702 -0.00473957
3.8 0.783477 -0.024928
4 0.763491 -0.0410924
4.2 0.744174 -0.0538366
4.4 0.725782 -0.0637198
4.6 0.708468 -0.0712269
4.8 0.692305 -0.076776
5 0.67731 -0.0807223
5.2 0.663467 -0.0833648
5.4 0.65073 -0.0849531
5.6 0.639042 -0.0856947
5.8 0.628338 -0.085761
6 0.618547 -0.0852929
6.2 0.609599 -0.0844064
6.4 0.601427 -0.0831962
6.6 0.593964 -0.0817397
6.8 0.58715 -0.0801
7 0.580928 -0.0783282
7.2 0.575244 -0.076466
7.4 0.570049 -0.0745471
7.6 0.565299 -0.0725989
7.8 0.560954 -0.0706433
8 0.556971 -0.0687028
8.2 0.553328 -0.0667797
8.4 0.549991 -0.0648877
8.6 0.546929 -0.0630333
8.8 0.544118 -0.0612225
9 0.541537 -0.0594604
9.2 0.539167 -0.0577508
9.4 0.53699 -0.0560966
9.6 0.53499 -0.0544993
9.8 0.533151 -0.05296
10 0.531461 -0.051479
10.2 0.529907 -0.0500562
10.4 0.528479 -0.0486914
10.6 0.527166 -0.0473838
10.8 0.525959 -0.0461327
11 0.524851 -0.0449371
11.2 0.523833 -0.0437961
11.4 0.522899 -0.0427087
11.6 0.522044 -0.041674
11.8 0.52126 -0.0406909
12 0.520514 -0.0397818
12.2 0.519859 -0.0389009
12.4 0.519262 -0.0380694
12.6 0.51872 -0.0372868
12.8 0.518229 -0.0365527
13 0.517786 -0.0358669
13.2 0.517387 -0.0352294
13.4 0.51703 -0.0346404
13.6 0.516712 -0.0341003
13.8 0.51643 -0.0336098
14 0.516182 -0.0331702
14.2 0.515966 -0.0327826
14.4 0.515777 -0.0324491
14.6 0.515614 -0.0321721
14.8 0.515472 -0.0319546
15 0.515348 -0.0318004
15.2 0.515237 -0.0317148
15.4 0.515132 -0.0317041
15.6 0.515024 -0.0317764
15.8 0.514899 -0.0319404
16 0.514684 -0.0322455
16.2 0.51449 -0.0326194
16.4 0.514236 -0.0331064
16.6 0.513895 -0.0337173
16.8 0.513434 -0.0344678
17 0.512816 -0.0353774
17.2 0.511987 -0.0364676
17.4 0.510877 -0.0377609
17.6 0.509395 -0.0392795
17.8 0.507425 -0.0410432
18 0.50482 -0.043064
18.2 0.501407 -0.045337
18.4 0.496989 -0.0478239
18.6 0.491381 -0.0504233
18.8 0.484473 -0.0529206
19 0.47639 -0.0549085
19.2 0.467755 -0.055678
19.4 0.460111 -0.0541355
19.6 0.456204 -0.0489493
19.8 0.459326 -0.0392951
20 0.463927 -0.025059
