-20 -5.5129e-07 -0.0240407
-19.8 -5.5129e-07 -0.0185587
-19.6 -5.5129e-07 -0.0105904
-19.4 -5.5129e-07 -0.00432752
-19.2 -5.5129e-07 -0.000218463
-19 -5.5129e-07 0.00197504
-18.8 -5.5129e-07 0.00274194
-18.6 -5.5129e-07 0.00255754
-18.4 -5.5129e-07 0.00179147
-18.2 -5.5129e-07 0.000701289
-18 -5.5129e-07 -0.000543998
-17.8 -5.5129e-07 -0.00183959
-17.6 -5.5129e-07 -0.00312295
-17.4 -5.5129e-07 -0.00435977
-17.2 -5.5129e-07 -0.00553267
-17 -5.5129e-07 -0.00663526
-16.8 -5.5129e-07 -0.00766696
-16.6 -5.5129e-07 -0.00863105
-16.4 -5.5129e-07 -0.00953271
-16.2 -5.5129e-07 -0.0103804
-16 -5.5129e-07 -0.0111886
-15.8 -5.5129e-07 -0.0119832
-15.6 -5.5129e-07 -0.0127273
-15.4 -5.5129e-07 -0.0134389
-15.2 -5.5129e-07 -0.0141234
-15 -5.5129e-07 -0.0147862
-14.8 -5.5129e-07 -0.015432
-14.6 -5.5129e-07 -0.0160653
-14.4 -5.5129e-07 -0.0166898
-14.2 -5.5129e-07 -0.0173088
-14 -5.5129e-07 -0.0179252
-13.8 -5.5129e-07 -0.0185417
-13.6 -5.5129e-07 -0.0191607
-13.4 -5.5129e-07 -0.0197843
-13.2 -5.5129e-07 -0.0204145
-13 -5.5129e-07 -0.0210532
-12.8 -5.5129e-07 -0.021702
-12.6 -5.5129e-07 -0.0223626
-12.4 -5.5129e-07 -0.0230365
-12.2 -5.5129e-07 -0.023725
-12 -5.5129e-07 -0.0244296
-11.8 -5.5129e-07 -0.0251628
-11.6 -5.5129e-07 -0.0259025
-11.4 -5.5129e-07 -0.0266617
-11.2 -5.5129e-07 -0.0274413
-11 -5.5129e-07 -0.028242
-10.8 -5.5129e-07 -0.0290646
-10.6 -5.5129e-07 -0.0299097
-10.4 -5.5129e-07 -0.0307775
-10.2 -5.5129e-07 -0.0316681
-10 -5.5129e-07 -0.0325816
-9.8 -5.5129e-07 -0.0335173
-9.6 -5.5129e-07 -0.0344745
-9.4 -5.5129e-07 -0.0354518
-9.2 -5.5129e-07 -0.0364474
-9 -5.5129e-07 -0.0374587
-8.8 -5.5129e-07 -0.0384822
-8.6 -5.5129e-07 -0.0395136
-8.4 -5.5129e-07 -0.0405478
-8.2 -5.5129e-07 -0.0415793
-8 -5.5129e-07 -0.042604
-7.8 -5.5129e-07 -0.0436129
-7.6 -5.5129e-07 -0.0445851
-7.4 -5.5129e-07 -0.0455074
-7.2 -5.5129e-07 -0.0463614
-7 -5.5129e-07 -0.0471246
-6.8 -5.5129e-07 -0.0477697
-6.6 -5.5129e-07 -0.0482638
-6.4 -5.5129e-07 -0.0485669
-6.2 -5.5129e-07 -0.0486311
-6 -5.5129e-07 -0.0483986
-5.8 -5.5129e-07 -0.0478005
-5.6 -5.5129e-07 -0.0467544
-5.4 -5.5129e-07 -0.0451623
-5.2 -5.5129e-07 -0.0429083
-5 -5.5129e-07 -0.0398559
-4.8 -5.5129e-07 -0.0358457
-4.6 -5.5129e-07 -0.030693
-4.4 -5.5129e-07 -0.0241862
-4.2 -5.5129e-07 -0.0160871
-4 -5.5129e-07 -0.00613282
-3.8 -5.5129e-07 0.00595429
-3.6 -5.5129e-07 0.0204682
-3.4 -5.5129e-07 0.0376777
-3.2 -5.5129e-07 0.0578054
-3 -5.5129e-07 0.0809726
-2.8 -5.5129e-07 0.107125
-2.6 -5.5129e-07 0.135933
-2.4 -5.5129e-07 0.166658
-2.2 -5.5129e-07 0.198007
-2 -5.5129e-07 0.227975
-1.8 -5.5129e-07 0.25375
-1.6 -5.5129e-07 0.27173
-1.4 -5.5129e-07 0.277824
-1.2 -5.5129e-07 0.26815
-1 -5.5129e-07 0.240301
-0.8 -5.5129e-07 0.19507
-0.6 -5.5129e-07 0.138187
-0.4 -5.5129e-07 0.0805819
-0.2 -5.5129e-07 0.0339478
0 -5.5129e-07 -5.349e-07
0.2 -5.5129e-07 -0.0339492
0.4 -5.5129e-07 -0.0805833
0.6 -5.5129e-07 -0.138188
0.8 -5.5129e-07 -0.195072
1 -5.5129e-07 -0.240303
1.2 -5.5129e-07 -0.268152
1.4 -5.5129e-07 -0.277825
1.6 -5.5129e-07 -0.271731
1.8 -5.5129e-07 -0.253751
2 -5.5129e-07 -0.227977
2.2 -5.5129e-07 -0.198008
2.4 -5.5129e-07 -0.16666
2.6 -5.5129e-07 -0.135935
2.8 -5.5129e-07 -0.107127
3 -5.5129e-07 -0.0809742
3.2 -5.5129e-07 -0.057807
3.4 -5.5129e-07 -0.0376794
3.6 -5.5129e-07 -0.0204699
3.8 -5.5129e-07 -0.005956
4 -5.5129e-07 0.00613111
4.2 -5.5129e-07 0.0160854
4.4 -5.5129e-07 0.0241845
4.6 -5.5129e-07 0.0306913
4.8 -5.5129e-07 0.035844
5 -5.5129e-07 0.0398542
5.2 -5.5129e-07 0.0429065
5.4 -5.5129e-07 0.0451605
5.6 -5.5129e-07 0.0467526
5.8 -5.5129e-07 0.0477987
6 -5.5129e-07 0.0483968
6.2 -5.5129e-07 0.0486293
6.4 -5.5129e-07 0.0485651
6.6 -5.5129e-07 0.0482619
6.8 -5.5129e-07 0.0477678
7 -5.5129e-07 0.0471227
7.2 -5.5129e-07 0.0463595
7.4 -5.5129e-07 0.0455056
7.6 -5.5129e-07 0.0445832
7.8 -5.5129e-07 0.043611
8 -5.5129e-07 0.0426021
8.2 -5.5129e-07 0.0415774
8.4 -5.5129e-07 0.0405458
8.6 -5.5129e-07 0.0395117
8.8 -5.5129e-07 0.0384802
9 -5.5129e-07 0.0374567
9.2 -5.5129e-07 0.0364455
9.4 -5.5129e-07 0.0354499
9.6 -5.5129e-07 0.0344725
9.8 -5.5129e-07 0.0335153
10 -5.5129e-07 0.0325796
10.2 -5.5129e-07 0.0316661
10.4 -5.5129e-07 0.0307754
10.6 -5.5129e-07 0.0299076
10.8 -5.5129e-07 0.0290626
11 -5.5129e-07 0.0282399
11.2 -5.5129e-07 0.0274392
11.4 -5.5129e-07 0.0266596
11.6 -5.5129e-07 0.0259004
11.8 -5.5129e-07 0.0251606
12 -5.5129e-07 0.0244275
12.2 -5.5129e-07 0.0237229
12.4 -5.5129e-07 0.0230343
12.6 -5.5129e-07 0.0223604
12.8 -5.5129e-07 0.0216998
13 -5.5129e-07 0.0210509
13.2 -5.5129e-07 0.0204122
13.4 -5.5129e-07 0.019782
13.6 -5.5129e-07 0.0191583
13.8 -5.5129e-07 0.0185393
14 -5.5129e-07 0.0179228
14.2 -5.5129e-07 0.0173063
14.4 -5.5129e-07 0.0166873
14.6 -5.5129e-07 0.0160627
14.8 -5.5129e-07 0.0154294
15 -5.5129e-07 0.0147835
15.2 -5.5129e-07 0.0141207
15.4 -5.5129e-07 0.0134361
15.6 -5.5129e-07 0.0127244
15.8 -5.5129e-07 0.0119803
16 -5.5129e-07 0.0111855
16.2 -5.5129e-07 0.0103773
16.4 -5.5129e-07 0.00952949
16.6 -5.5129e-07 0.00862771
16.8 -5.5129e-07 0.00766349
17 -5.5129e-07 0.00663165
17.2 -5.5129e-07 0.0055289
17.4 -5.5129e-07 0.00435584
17.6 -5.5129e-07 0.00311885
17.8 -5.5129e-07 0.00183531
18 -5.5129e-07 0.000539533
18.2 -5.5129e-07 -0.000705928
18.4 -5.5129e-07 -0.00179626
18.6 -5.5129e-07 -0.00256243
18.8 -5.5129e-07 -0.00274685
19 -5.5129e-07 -0.00197984
19.2 -5.5129e-07 0.000213953
19.4 -5.5129e-07 0.00432352
19.6 -5.5129e-07 0.0105871
19.8 -5.5129e-07 0.0185561
20 -5.5129e-07 0.0240378
