-20 -1.05704e-06 -0.0489834
-19.8 -1.05704e-06 -0.0368569
-19.6 -1.05704e-06 -0.0194292
-19.4 -1.05704e-06 -0.00616459
-19.2 -1.05704e-06 0.00212918
-19 -1.05704e-06 0.00620423
-18.8 -1.05704e-06 0.00727316
-18.6 -1.05704e-06 0.00642558
-18.4 -1.05704e-06 0.00446608
-18.2 -1.05704e-06 0.00193157
-18 -1.05704e-06 -0.00083944
-17.8 -1.05704e-06 -0.00364621
-17.6 -1.05704e-06 -0.00637499
-17.4 -1.05704e-06 -0.0089684
-17.2 -1.05704e-06 -0.0114013
-17 -1.05704e-06 -0.0136687
-16.8 -1.05704e-06 -0.0157757
-16.6 -1.05704e-06 -0.0177334
-16.4 -1.05704e-06 -0.0195555
-16.2 -1.05704e-06 -0.0212621
-16 -1.05704e-06 -0.0228859
-15.8 -1.05704e-06 -0.0244835
-15.6 -1.05704e-06 -0.0259754
-15.4 -1.05704e-06 -0.0274004
-15.2 -1.05704e-06 -0.0287704
-15 -1.05704e-06 -0.0300968
-14.8 -1.05704e-06 -0.0313901
-14.6 -1.05704e-06 -0.0326594
-14.4 -1.05704e-06 -0.0339127
-14.2 -1.05704e-06 -0.0351566
-14 -1.05704e-06 -0.0363974
-13.8 -1.05704e-06 -0.0376403
-13.6 -1.05704e-06 -0.0388906
-13.4 -1.05704e-06 -0.0401526
-13.2 -1.05704e-06 -0.0414305
-13 -1.05704e-06 -0.0427283
-12.8 -1.05704e-06 -0.0440495
-12.6 -1.05704e-06 -0.0453976
-12.4 -1.05704e-06 -0.046776
-12.2 -1.05704e-06 -0.0481876
-12 -1.05704e-06 -0.0496356
-11.8 -1.05704e-06 -0.0511462
-11.6 -1.05704e-06 -0.0526742
-11.4 -1.05704e-06 -0.0542466
-11.2 -1.05704e-06 -0.0558658
-11 -1.05704e-06 -0.0575339
-10.8 -1.05704e-06 -0.0592531
-10.6 -1.05704e-06 -0.061025
-10.4 -1.05704e-06 -0.0628512
-10.2 -1.05704e-06 -0.0647326
-10 -1.05704e-06 -0.0666703
-9.8 -1.05704e-06 -0.0686641
-9.6 -1.05704e-06 -0.0707137
-9.4 -1.05704e-06 -0.0728179
-9.2 -1.05704e-06 -0.0749742
-9 -1.05704e-06 -0.0771792
-8.8 -1.05704e-06 -0.0794279
-8.6 -1.05704e-06 -0.0817136
-8.4 -1.05704e-06 -0.0840282
-8.2 -1.05704e-06 -0.0863637
-8 -1.05704e-06 -0.0887154
-7.8 -1.05704e-06 -0.0910685
-7.6 -1.05704e-06 -0.0933835
-7.4 -1.05704e-06 -0.0956381
-7.2 -1.05704e-06 -0.0977996
-7 -1.05704e-06 -0.0998277
-6.8 -1.05704e-06 -0.101673
-6.6 -1.05704e-06 -0.103273
-6.4 -1.05704e-06 -0.104556
-6.2 -1.05704e-06 -0.105428
-6 -1.05704e-06 -0.105781
-5.8 -1.05704e-06 -0.10548
-5.6 -1.05704e-06 -0.104365
-5.4 -1.05704e-06 -0.102241
-5.2 -1.05704e-06 -0.098875
-5 -1.05704e-06 -0.0939898
-4.8 -1.05704e-06 -0.0872556
-4.6 -1.05704e-06 -0.0782842
-4.4 -1.05704e-06 -0.0666227
-4.2 -1.05704e-06 -0.0517494
-4 -1.05704e-06 -0.0330733
-3.8 -1.05704e-06 -0.00994744
-3.6 -1.05704e-06 0.0183414
-3.4 -1.05704e-06 0.0524959
-3.2 -1.05704e-06 0.0931736
-3 -1.05704e-06 0.140879
-2.8 -1.05704e-06 0.195812
-2.6 -1.05704e-06 0.257645
-2.4 -1.05704e-06 0.325226
-2.2 -1.05704e-06 0.396199
-2 -1.05704e-06 0.466585
-1.8 -1.05704e-06 0.530412
-1.6 -1.05704e-06 0.579571
-1.4 -1.05704e-06 0.604249
-1.2 -1.05704e-06 0.594342
-1 -1.05704e-06 0.542347
-0.8 -1.05704e-06 0.447761
-0.6 -1.05704e-06 0.321998
-0.4 -1.05704e-06 0.190127
-0.2 -1.05704e-06 0.0808227
0 -1.05704e-06 -1.04262e-06
0.2 -1.05704e-06 -0.0808256
0.4 -1.05704e-06 -0.190129
0.6 -1.05704e-06 -0.322
0.8 -1.05704e-06 -0.447764
1 -1.05704e-06 -0.54235
1.2 -1.05704e-06 -0.594345
1.4 -1.05704e-06 -0.604252
1.6 -1.05704e-06 -0.579574
1.8 -1.05704e-06 -0.530415
2 -1.05704e-06 -0.466588
2.2 -1.05704e-06 -0.396202
2.4 -1.05704e-06 -0.325229
2.6 -1.05704e-06 -0.257649
2.8 -1.05704e-06 -0.195815
3 -1.05704e-06 -0.140883
3.2 -1.05704e-06 -0.093177
3.4 -1.05704e-06 -0.0524993
3.6 -1.05704e-06 -0.0183448
3.8 -1.05704e-06 0.00994405
4 -1.05704e-06 0.0330699
4.2 -1.05704e-06 0.0517459
4.4 -1.05704e-06 0.0666193
4.6 -1.05704e-06 0.0782807
4.8 -1.05704e-06 0.0872521
5 -1.05704e-06 0.0939862
5.2 -1.05704e-06 0.0988714
5.4 -1.05704e-06 0.102237
5.6 -1.05704e-06 0.104361
5.8 -1.05704e-06 0.105477
6 -1.05704e-06 0.105777
6.2 -1.05704e-06 0.105425
6.4 -1.05704e-06 0.104552
6.6 -1.05704e-06 0.10327
6.8 -1.05704e-06 0.101669
7 -1.05704e-06 0.099824
7.2 -1.05704e-06 0.0977959
7.4 -1.05704e-06 0.0956344
7.6 -1.05704e-06 0.0933797
7.8 -1.05704e-06 0.0910647
8 -1.05704e-06 0.0887116
8.2 -1.05704e-06 0.0863599
8.4 -1.05704e-06 0.0840243
8.6 -1.05704e-06 0.0817098
8.8 -1.05704e-06 0.079424
9 -1.05704e-06 0.0771753
9.2 -1.05704e-06 0.0749703
9.4 -1.05704e-06 0.0728139
9.6 -1.05704e-06 0.0707098
9.8 -1.05704e-06 0.0686601
10 -1.05704e-06 0.0666663
10.2 -1.05704e-06 0.0647286
10.4 -1.05704e-06 0.0628471
10.6 -1.05704e-06 0.0610209
10.8 -1.05704e-06 0.059249
11 -1.05704e-06 0.0575298
11.2 -1.05704e-06 0.0558616
11.4 -1.05704e-06 0.0542424
11.6 -1.05704e-06 0.05267
11.8 -1.05704e-06 0.0511419
12 -1.05704e-06 0.0496313
12.2 -1.05704e-06 0.0481833
12.4 -1.05704e-06 0.0467716
12.6 -1.05704e-06 0.0453932
12.8 -1.05704e-06 0.0440451
13 -1.05704e-06 0.0427237
13.2 -1.05704e-06 0.041426
13.4 -1.05704e-06 0.040148
13.6 -1.05704e-06 0.0388859
13.8 -1.05704e-06 0.0376356
14 -1.05704e-06 0.0363925
14.2 -1.05704e-06 0.0351517
14.4 -1.05704e-06 0.0339077
14.6 -1.05704e-06 0.0326544
14.8 -1.05704e-06 0.031385
15 -1.05704e-06 0.0300915
15.2 -1.05704e-06 0.028765
15.4 -1.05704e-06 0.0273949
15.6 -1.05704e-06 0.0259697
15.8 -1.05704e-06 0.0244777
16 -1.05704e-06 0.0228799
16.2 -1.05704e-06 0.0212559
16.4 -1.05704e-06 0.0195491
16.6 -1.05704e-06 0.0177268
16.8 -1.05704e-06 0.0157688
17 -1.05704e-06 0.0136616
17.2 -1.05704e-06 0.0113938
17.4 -1.05704e-06 0.00896057
17.6 -1.05704e-06 0.00636679
17.8 -1.05704e-06 0.00363762
18 -1.05704e-06 0.000830454
18.2 -1.05704e-06 -0.00194095
18.4 -1.05704e-06 -0.00447581
18.6 -1.05704e-06 -0.00643557
18.8 -1.05704e-06 -0.00728325
19 -1.05704e-06 -0.00621417
19.2 -1.05704e-06 -0.0021386
19.4 -1.05704e-06 0.0061562
19.6 -1.05704e-06 0.0194224
19.8 -1.05704e-06 0.0368515
20 -1.05704e-06 0.0489772
