-20 0.652418 0.0628134
-19.6 0.622773 0.149439
-19.2 0.569242 0.156556
-18.8 0.520494 0.137869
-18.4 0.491662 0.118517
-18 0.476911 0.103574
-17.6 0.469947 0.0928006
-17.2 0.466966 0.0853309
-16.8 0.465959 0.0802086
-16.4 0.46589 0.0767924
-16 0.466316 0.0745494
-15.6 0.46678 0.0732956
-15.2 0.467429 0.0732875
-14.8 0.467849 0.0740116
-14.4 0.468007 0.0753695
-14 0.467872 0.0772578
-13.6 0.467429 0.0796765
-13.2 0.466651 0.0825785
-12.8 0.465513 0.0859923
-12.4 0.463976 0.0899
-12 0.461996 0.0943484
-11.6 0.459403 0.09924
-11.2 0.456356 0.104855
-10.8 0.452638 0.111103
-10.4 0.448132 0.118057
-10 0.442696 0.12576
-9.6 0.436145 0.134295
-9.2 0.428266 0.143715
-8.8 0.418781 0.154086
-8.4 0.407362 0.165424
-8 0.393644 0.177813
-7.6 0.377009 0.191371
-7.2 0.356764 0.206096
-6.8 0.331974 0.221838
-6.4 0.301511 0.238325
-6 0.263928 0.25507
-5.6 0.217377 0.271173
-5.2 0.15958 0.285117
-4.8 0.0877611 0.294338
-4.4 -0.00126071 0.294651
-4 -0.110746 0.279317
-3.6 -0.243098 0.237698
-3.2 -0.39751 0.153636
-2.8 -0.565213 0.00382709
-2.4 -0.719762 -0.240765
-2 -0.801564 -0.603339
-1.6 -0.706162 -1.06184
-1.2 -0.330125 -1.47217
-0.8 0.240519 -1.55964
-0.4 0.596074 -1.24712
0 0.500201 -1.01224
0.4 0.404325 -1.24712
0.8 0.759878 -1.55964
1.2 1.33052 -1.47217
1.6 1.70656 -1.06184
2 1.80196 -0.603334
2.4 1.72016 -0.24076
2.8 1.56561 0.00383141
3.2 1.39791 0.15364
3.6 1.24349 0.237702
4 1.11114 0.27932
4.4 1.00166 0.294655
4.8 0.912635 0.294341
5.2 0.840816 0.285121
5.6 0.783019 0.271177
6 0.736468 0.255073
6.4 0.698884 0.238328
6.8 0.668422 0.221841
7.2 0.643631 0.206099
7.6 0.623387 0.191374
8 0.606752 0.177816
8.4 0.593034 0.165427
8.8 0.581616 0.154089
9.2 0.57213 0.143718
9.6 0.564251 0.134298
10 0.557701 0.125763
10.4 0.552265 0.118059
10.8 0.547759 0.111105
11.2 0.544041 0.104857
11.6 0.540994 0.0992425
12 0.538401 0.0943509
12.4 0.536422 0.0899024
12.8 0.534885 0.0859947
13.2 0.533747 0.0825808
13.6 0.53297 0.0796788
14 0.532526 0.0772601
14.4 0.532392 0.0753717
14.8 0.53255 0.0740138
15.2 0.532971 0.0732897
15.6 0.53362 0.0732978
16 0.534084 0.0745515
16.4 0.53451 0.0767945
16.8 0.534441 0.0802107
17.2 0.533433 0.085333
17.6 0.53045 0.0928027
18 0.523482 0.103576
18.4 0.508721 0.118519
18.8 0.479874 0.137871
19.2 0.4311 0.156557
19.6 0.37754 0.149433
20 0.347881 0.062775
