-20 -6.95051 -1.90042
-19.7333 -6.91204 -1.82732
-19.4667 -6.70968 -1.35309
-19.2 -6.55253 -1.46052
-18.9333 -6.72446 -1.78104
-18.6667 -6.50232 -1.42177
-18.4 -6.52214 -1.51332
-18.1333 -6.56056 -1.48838
-17.8667 -6.44829 -1.47409
-17.6 -6.6359 -1.37824
-17.3333 -7.34279 -1.38389
-17.0667 -5.93229 -0.901994
-16.8 -6.34655 -1.33087
-16.5333 -6.06302 -0.887874
-16.2667 -6.36981 -1.51077
-16 -6.35027 -0.665868
-15.7333 -6.34982 -0.748171
-15.4667 -6.33969 -0.817935
-15.2 -6.62039 -1.12363
-14.9333 -6.23315 -0.678565
-14.6667 -6.51131 -1.46923
-14.4 -6.19245 -1.27427
-14.1333 -6.41528 -1.86418
-13.8667 -6.57815 -1.69356
-13.6 -6.07524 -0.755637
-13.3333 -6.5789 -1.84635
-13.0667 -6.77693 -1.92894
-12.8 -6.32602 -1.79066
-12.5333 -6.71389 -2.82385
-12.2667 -6.40947 -2.07442
-12 -6.35193 -1.95411
-11.7333 -6.76437 -2.16849
-11.4667 -6.04508 -1.01201
-11.2 -6.45981 -2.36879
-10.9333 -6.86199 -3.28896
-10.6667 -6.26203 -2.47495
-10.4 -6.54547 -3.4506
-10.1333 -6.26869 -2.97326
-9.86667 -6.42893 -3.87003
-9.6 -6.32727 -3.16373
-9.33333 -5.95616 -2.75139
-9.06667 -6.01178 -3.9448
-8.8 -6.05166 -5.15164
-8.53333 -5.67155 -4.29836
-8.26667 -5.84729 -5.55553
-8 -5.22661 -6.07004
-7.73333 -5.37593 -8.27292
-7.46667 -3.6327 -6.78419
-7.2 -1.30736 -11.5794
-6.93333 -1.72402 -10.2997
-6.66667 1.2445 -13.1511
-6.4 6.31218 -0.675216
-6.13333 4.36863 -4.77574
-5.86667 4.76102 -3.12052
-5.6 -4.55603 -11.4884
-5.33333 1.4753 -7.10387
-5.06667 1.25772 -8.13846
-4.8 3.75942 -4.28377
-4.53333 5.83481 -3.97184
-4.26667 11.426 7.14724
-4 9.55011 12.3415
-3.73333 20.4374 14.4498
-3.46667 13.0162 17.8265
-3.2 47.3869 20.8423
-2.93333 62.2927 -0.665835
-2.66667 72.9959 -16.4851
-2.4 102.363 -11.0004
-2.13333 105.536 24.8
-1.86667 63.3291 22.3935
-1.6 58.4123 38.5316
-1.33333 36.1341 37.9713
-1.06667 27.4695 32.5904
-0.8 10.571 14.5855
-0.533333 -0.504712 -1.58719
-0.266667 -1.21599 -1.00336
0 -13.2947 -8.26128
0.266667 -18.0774 -7.14624
0.533333 -25.3627 10.4818
0.8 -31.4191 15.8146
1.06667 -32.8106 10.121
1.33333 -38.0445 -0.966587
1.6 -28.7393 13.861
1.86667 -29.2871 11.6813
2.13333 -51.7247 51.2411
2.4 -54.7361 73.0983
2.66667 -49.6044 86.3989
2.93333 -40.0728 73.5835
3.2 -21.4796 42.8499
3.46667 -16.299 14.875
3.73333 -12.5348 3.28776
4 -10.7557 -4.56793
4.26667 -10.1969 -8.45537
4.53333 -9.20193 -8.56135
4.8 -6.61989 -10.83
5.06667 -8.07827 -12.5993
5.33333 -12.3332 -16.3871
5.6 -5.75549 -7.03527
5.86667 -16.1246 -8.78545
6.13333 -18.9543 -4.81544
6.4 -18.5774 17.6366
6.66667 -10.7358 21.2536
6.93333 -11.0391 14.9746
7.2 -7.10808 16.007
7.46667 -7.3146 12.1721
7.73333 -7.49907 3.28964
8 -6.97527 6.08213
8.26667 -6.71695 8.31205
8.53333 -7.19919 5.45785
8.8 -6.25371 4.39133
9.06667 -6.8641 2.8712
9.33333 -6.98971 3.25596
9.6 -6.38526 3.10039
9.86667 -7.02543 -0.651377
10.1333 -6.74717 1.38359
10.4 -6.19532 3.5064
10.6667 -6.55966 1.75384
10.9333 -6.3723 0.203902
11.2 -6.49895 0.726084
11.4667 -6.95831 -0.27423
11.7333 -6.70002 0.735965
12 -6.60111 0.77232
12.2667 -6.76869 0.288957
12.5333 -6.07435 1.81796
12.8 -6.47452 0.546691
13.0667 -6.4815 -1.03805
13.3333 -6.43151 -0.033968
13.6 -6.86489 -0.971672
13.8667 -6.60146 0.0571704
14.1333 -6.52684 -0.0513312
14.4 -6.89602 -0.507885
14.6667 -6.28976 0.671701
14.9333 -6.65929 -0.308977
15.2 -6.69794 -1.45022
15.4667 -6.6388 -0.485884
15.7333 -6.96275 -1.58623
16 -6.81991 -0.659956
16.2667 -6.73515 -0.0319708
16.5333 -7.0141 -0.733936
16.8 -6.60819 0.158685
17.0667 -7.06001 -0.893615
17.3333 -6.30266 -1.14389
17.6 -6.28559 -0.623327
17.8667 -6.41863 -0.315193
18.1333 -6.31843 -0.484909
18.4 -6.27835 -0.204298
18.6667 -6.3775 -0.581906
18.9333 -6.15246 -0.158551
19.2 -5.95699 -0.317255
19.4667 -6.23303 -1.39547
19.7333 -6.08664 -0.24964
20 -6.08606 0.500459
