-20 0.493814 1.9146e-05
-19.6 0.493777 -4.09021e-06
-19.2 0.493772 3.94865e-06
-18.8 0.493754 1.02365e-05
-18.4 0.49375 2.20854e-05
-18 0.493758 2.41118e-05
-17.6 0.493763 2.95806e-05
-17.2 0.493769 3.21985e-05
-16.8 0.493774 3.19248e-05
-16.4 0.493778 3.3153e-05
-16 0.493781 3.4337e-05
-15.6 0.493784 3.31141e-05
-15.2 0.493787 3.39963e-05
-14.8 0.493789 3.44435e-05
-14.4 0.493791 3.33371e-05
-14 0.493793 3.38383e-05
-13.6 0.493795 3.42111e-05
-13.2 0.493797 3.26885e-05
-12.8 0.4938 3.30564e-05
-12.4 0.493803 3.29816e-05
-12 0.493805 3.08878e-05
-11.6 0.493809 3.06165e-05
-11.2 0.493812 2.99047e-05
-10.8 0.493816 2.63643e-05
-10.4 0.493821 2.51282e-05
-10 0.493826 2.27632e-05
-9.6 0.493831 1.70291e-05
-9.2 0.493838 1.29706e-05
-8.8 0.493843 7.51413e-06
-8.4 0.49385 -3.15446e-06
-8 0.493858 -1.23688e-05
-7.6 0.493865 -2.47683e-05
-7.2 0.493872 -4.45542e-05
-6.8 0.493879 -6.49529e-05
-6.4 0.493883 -9.07031e-05
-6 0.493883 -0.000128713
-5.6 0.49388 -0.000169642
-5.2 0.493863 -0.000219681
-4.8 0.493832 -0.000286177
-4.4 0.49378 -0.00035379
-4 0.493689 -0.000423948
-3.6 0.493552 -0.000490138
-3.2 0.493361 -0.000517872
-2.8 0.493115 -0.000455738
-2.4 0.492844 -0.000296907
-2 0.492669 6.21667e-05
-1.6 0.492695 0.000526062
-1.2 0.493061 0.000880153
-0.8 0.493594 0.000985549
-0.4 0.493786 0.000744639
0 0.493705 0.000561072
0.4 0.493684 0.000824195
0.8 0.494005 0.00114493
1.2 0.494594 0.00104065
1.6 0.494946 0.00062597
2 0.49495 9.5239e-05
2.4 0.494753 -0.000290805
2.8 0.494468 -0.000470787
3.2 0.494211 -0.000545154
3.6 0.494009 -0.000512991
4 0.493864 -0.000453368
4.4 0.493771 -0.000381491
4.8 0.493714 -0.000308906
5.2 0.49368 -0.000243691
5.6 0.493663 -0.000191412
6 0.493657 -0.00014636
6.4 0.493657 -0.000108934
6.8 0.493661 -8.12982e-05
7.2 0.493668 -5.7917e-05
7.6 0.493674 -3.86487e-05
8 0.493681 -2.4727e-05
8.4 0.493689 -1.34273e-05
8.8 0.493696 -3.22672e-06
9.2 0.493702 3.39042e-06
9.6 0.493709 9.01386e-06
10 0.493714 1.42438e-05
10.4 0.493719 1.75714e-05
10.8 0.493724 1.98824e-05
11.2 0.493728 2.30407e-05
11.6 0.493731 2.45262e-05
12 0.493735 2.55651e-05
12.4 0.493738 2.73215e-05
12.8 0.49374 2.80832e-05
13.2 0.493743 2.82306e-05
13.6 0.493745 2.94758e-05
14 0.493747 2.9724e-05
14.4 0.49375 2.95472e-05
14.8 0.493752 3.04176e-05
15.2 0.493754 3.05753e-05
15.6 0.493757 2.9832e-05
16 0.493759 3.08598e-05
16.4 0.493762 3.03588e-05
16.8 0.493766 2.89927e-05
17.2 0.493771 2.92111e-05
17.6 0.493777 2.73934e-05
18 0.493781 2.16262e-05
18.4 0.493789 1.94469e-05
18.8 0.493786 9.30992e-06
19.2 0.493763 3.41102e-06
19.6 0.493758 -5.26209e-06
20 0.493729 1.26874e-05
