-20 -6.94658 -1.89244
-19.7333 -6.90905 -1.81432
-19.4667 -6.70548 -1.34551
-19.2 -6.54894 -1.44702
-18.9333 -6.72022 -1.77273
-18.6667 -6.49943 -1.4078
-18.4 -6.51804 -1.50509
-18.1333 -6.56005 -1.47447
-17.8667 -6.44546 -1.4653
-17.6 -6.63528 -1.36467
-17.3333 -7.33929 -1.37558
-17.0667 -5.93103 -0.888364
-16.8 -6.34276 -1.32248
-16.5333 -6.06267 -0.873864
-16.2667 -6.36566 -1.50221
-16 -6.35076 -0.651555
-15.7333 -6.34617 -0.738994
-15.4667 -6.33955 -0.804121
-15.2 -6.61686 -1.11544
-14.9333 -6.23301 -0.665567
-14.6667 -6.50715 -1.46153
-14.4 -6.19316 -1.26089
-14.1333 -6.41045 -1.85676
-13.8667 -6.57892 -1.68018
-13.6 -6.07034 -0.747526
-13.3333 -6.57949 -1.83255
-13.0667 -6.77326 -1.9203
-12.8 -6.3274 -1.77671
-12.5333 -6.70907 -2.81569
-12.2667 -6.41159 -2.06029
-12 -6.34603 -1.94613
-11.7333 -6.76732 -2.15362
-11.4667 -6.03864 -1.00265
-11.2 -6.46267 -2.35299
-10.9333 -6.85592 -3.2799
-10.6667 -6.26702 -2.45943
-10.4 -6.5386 -3.44082
-10.1333 -6.27485 -2.9542
-9.86667 -6.4246 -3.85664
-9.6 -6.33386 -3.14469
-9.33333 -5.95028 -2.73775
-9.06667 -6.02149 -3.92168
-8.8 -6.0416 -5.13642
-8.53333 -5.68788 -4.27742
-8.26667 -5.83748 -5.53804
-8 -5.22917 -6.04261
-7.73333 -5.36788 -8.2551
-7.46667 -3.63156 -6.7805
-7.2 -1.29307 -11.5853
-6.93333 -1.71801 -10.3019
-6.66667 1.25489 -13.1497
-6.4 6.31859 -0.669818
-6.13333 4.37183 -4.76866
-5.86667 4.76282 -3.11326
-5.6 -4.55303 -11.4832
-5.33333 1.47694 -7.09579
-5.06667 1.2618 -8.13241
-4.8 3.75787 -4.27403
-4.53333 5.84876 -3.96564
-4.26667 11.4272 7.15316
-4 9.57382 12.342
-3.73333 20.436 14.4514
-3.46667 13.0239 17.8276
-3.2 47.3875 20.8488
-2.93333 62.301 -0.658054
-2.66667 72.9962 -16.4722
-2.4 102.381 -10.992
-2.13333 105.536 24.8049
-1.86667 63.3475 22.3968
-1.6 58.4183 38.5391
-1.33333 36.1481 37.9784
-1.06667 27.4877 32.5971
-0.8 10.5852 14.5881
-0.533333 -0.495273 -1.58898
-0.266667 -1.21154 -1.00605
0 -13.2838 -8.26725
0.266667 -18.0745 -7.15166
0.533333 -25.3487 10.476
0.8 -31.4085 15.8079
1.06667 -32.8018 10.1128
1.33333 -38.0392 -0.979782
1.6 -28.7157 13.7946
1.86667 -29.1188 11.6208
2.13333 -51.7108 51.0067
2.4 -54.7141 73.1073
2.66667 -49.6248 86.49
2.93333 -40.1814 73.5638
3.2 -21.5066 42.8284
3.46667 -16.3564 14.8496
3.73333 -12.5487 3.26497
4 -10.7977 -4.58207
4.26667 -10.1991 -8.47405
4.53333 -9.24109 -8.57192
4.8 -6.62013 -10.8479
5.06667 -8.12108 -12.6137
5.33333 -12.3238 -16.4143
5.6 -5.83538 -7.06569
5.86667 -16.1486 -8.81703
6.13333 -19.0138 -4.83551
6.4 -18.5922 17.6115
6.66667 -10.7739 21.2471
6.93333 -11.0509 14.9578
7.2 -7.14757 16.0021
7.46667 -7.33489 12.1556
7.73333 -7.53868 3.28336
8 -6.99273 6.06609
8.26667 -6.75523 8.30485
8.53333 -7.22 5.4407
8.8 -6.29241 4.38413
9.06667 -6.88359 2.85524
9.33333 -7.02625 3.24823
9.6 -6.4049 3.08415
9.86667 -7.05945 -0.659101
10.1333 -6.76356 1.36817
10.4 -6.22819 3.49913
10.6667 -6.57579 1.73821
10.9333 -6.40448 0.196864
11.2 -6.51304 0.711331
11.4667 -6.98771 -0.281143
11.7333 -6.71339 0.721421
12 -6.62918 0.765714
12.2667 -6.78084 0.27495
12.5333 -6.10186 1.81176
12.8 -6.48669 0.532386
13.0667 -6.50881 -1.04466
13.3333 -6.44324 -0.048103
13.6 -6.89109 -0.978414
13.8667 -6.61316 0.043125
14.1333 -6.55231 -0.0579819
14.4 -6.90752 -0.521811
14.6667 -6.31466 0.665123
14.9333 -6.67069 -0.323094
15.2 -6.72269 -1.45725
15.4667 -6.65025 -0.500139
15.7333 -6.98659 -1.59365
16 -6.83092 -0.674414
16.2667 -6.75868 -0.0389468
16.5333 -7.02277 -0.747269
16.8 -6.6294 0.15219
17.0667 -7.06959 -0.906906
17.3333 -6.32385 -1.15095
17.6 -6.29441 -0.636454
17.8667 -6.43876 -0.322259
18.1333 -6.32665 -0.498127
18.4 -6.29721 -0.211393
18.6667 -6.38463 -0.594803
18.9333 -6.16789 -0.162756
19.2 -5.95119 -0.32058
19.4667 -6.22544 -1.39489
19.7333 -6.08523 -0.250383
20 -6.08604 0.497583
