-20 0 -1.51153e-15
-19.6 0 -1.51153e-15
-19.2 0 -1.51153e-15
-18.8 0 -1.51153e-15
-18.4 0 -1.51153e-15
-18 0 -1.51153e-15
-17.6 0 -1.51153e-15
-17.2 0 -1.51153e-15
-16.8 0 -1.51153e-15
-16.4 0 -1.51153e-15
-16 0 -1.51153e-15
-15.6 0 -1.51153e-15
-15.2 0 -1.51153e-15
-14.8 0 -1.51153e-15
-14.4 0 -1.51153e-15
-14 0 -1.51153e-15
-13.6 0 -1.51153e-15
-13.2 0 -1.51153e-15
-12.8 0 -1.51153e-15
-12.4 0 -1.51153e-15
-12 0 -1.51153e-15
-11.6 0 -1.51153e-15
-11.2 0 -1.51153e-15
-10.8 0 -1.51153e-15
-10.4 0 -1.51153e-15
-10 0 -1.51153e-15
-9.6 0 -1.51153e-15
-9.2 0 -1.51153e-15
-8.8 0 -1.51153e-15
-8.4 -1.6897e-321 -1.51153e-15
-8 -3.15214e-321 -1.51153e-15
-7.6 0 -1.51153e-15
-7.2 0 -1.51153e-15
-6.8 0 -1.51153e-15
-6.4 0 -1.51153e-15
-6 0 -1.51153e-15
-5.6 0 -1.51153e-15
-5.2 0 -1.51153e-15
-4.8 0 -1.51153e-15
-4.4 0 -1.51153e-15
-4 0 -1.51153e-15
-3.6 0 -1.51153e-15
-3.2 0 -1.51153e-15
-2.8 0 -1.51153e-15
-2.4 0 -1.51153e-15
-2 0 -1.51153e-15
-1.6 0 -1.51153e-15
-1.2 0 -1.51153e-15
-0.8 0 -1.51153e-15
-0.4 0 -1.51153e-15
0 0 -1.51153e-15
0.4 0 -1.51153e-15
0.8 0 -1.51153e-15
1.2 0 -1.51153e-15
1.6 0 -1.51153e-15
2 0 -1.51153e-15
2.4 0 -1.51153e-15
2.8 0 -1.51153e-15
3.2 0 -1.51153e-15
3.6 0 -1.51153e-15
4 0 -1.51153e-15
4.4 0 -1.51153e-15
4.8 0 -1.51153e-15
5.2 0 -1.51153e-15
5.6 0 -1.51153e-15
6 0 -1.51153e-15
6.4 0 -1.51153e-15
6.8 0 -1.51153e-15
7.2 0 -1.51153e-15
7.6 0 -1.51153e-15
8 0 -1.51153e-15
8.4 0 -1.51153e-15
8.8 0 -1.51153e-15
9.2 0 -1.51153e-15
9.6 0 -1.51153e-15
10 0 -1.51153e-15
10.4 0 -1.51153e-15
10.8 0 -1.51153e-15
11.2 0 -1.51153e-15
11.6 0 -1.51153e-15
12 0 -1.51153e-15
12.4 0 -1.51153e-15
12.8 0 -1.51153e-15
13.2 0 -1.51153e-15
13.6 0 -1.51153e-15
14 0 -1.51153e-15
14.4 0 -1.51153e-15
14.8 0 -1.51153e-15
15.2 0 -1.51153e-15
15.6 0 -1.51153e-15
16 0 -1.51153e-15
16.4 0 -1.51153e-15
16.8 0 -1.51153e-15
17.2 0 -1.51153e-15
17.6 0 -1.51153e-15
18 0 -1.51153e-15
18.4 0 -1.51153e-15
18.8 0 -1.51153e-15
19.2 0 -1.51153e-15
19.6 0 -1.51153e-15
20 0 -1.51153e-15
