-20 9.48638e-19 -0.00352155
-19.8667 4.62825e-20 -0.0028427
-19.7333 3.81611e-20 -0.00169547
-19.6 -1.3021e-19 -0.000643398
-19.4667 5.84168e-20 8.31855e-07
-19.3333 -4.24415e-20 0.000478838
-19.2 -2.18609e-20 0.000778186
-19.0667 3.35367e-19 0.000869689
-18.9333 4.37505e-19 0.000878387
-18.8 3.02384e-19 0.000818275
-18.6667 4.8652e-20 0.000703548
-18.5333 2.14329e-19 0.000565944
-18.4 2.71943e-19 0.000411777
-18.2667 1.08426e-19 0.000257666
-18.1333 7.26341e-20 0.000101444
-18 7.59209e-20 -5.50585e-05
-17.8667 3.17977e-20 -0.000201203
-17.7333 -8.08128e-20 -0.00033554
-17.6 -2.90842e-20 -0.000471026
-17.4667 3.78936e-20 -0.000594285
-17.3333 -2.83007e-20 -0.000705844
-17.2 3.37086e-20 -0.000818619
-17.0667 -8.96795e-20 -0.000920571
-16.9333 1.39937e-19 -0.0010127
-16.8 1.37281e-19 -0.00110657
-16.6667 -6.90416e-20 -0.00119161
-16.5333 7.3666e-20 -0.00126874
-16.4 -3.76451e-21 -0.00134804
-16.2667 5.0391e-20 -0.00142029
-16.1333 -8.19785e-21 -0.00148653
-16 1.62237e-20 -0.00155613
-15.8667 3.84477e-20 -0.00162143
-15.7333 3.74732e-20 -0.00168703
-15.6 1.20503e-19 -0.00174563
-15.4667 1.57517e-19 -0.00180475
-15.3333 4.16199e-20 -0.00186437
-15.2 2.12303e-20 -0.00191841
-15.0667 5.18624e-20 -0.00197344
-14.9333 6.98441e-20 -0.00202945
-14.8 5.44803e-20 -0.00208104
-14.6667 1.35274e-19 -0.00213397
-14.5333 2.74026e-20 -0.00218818
-14.4 3.02346e-19 -0.00223888
-14.2667 3.65941e-20 -0.00229112
-14.1333 6.70733e-20 -0.00234486
-14 -1.21707e-19 -0.00239723
-13.8667 -8.59532e-20 -0.00244849
-13.7333 -1.11044e-19 -0.00250282
-13.6 -7.77171e-20 -0.00255624
-13.4667 -1.95946e-19 -0.00260898
-13.3333 -2.29979e-19 -0.00266478
-13.2 -1.38981e-19 -0.00272007
-13.0667 -6.4226e-20 -0.00277506
-12.9333 -6.58503e-20 -0.00283312
-12.8 -5.07923e-20 -0.00289102
-12.6667 8.40805e-22 -0.00294896
-12.5333 2.44521e-19 -0.00300998
-12.4 -7.93032e-21 -0.00307117
-12.2667 1.00648e-19 -0.00313272
-12.1333 4.1639e-20 -0.00319738
-12 8.46156e-20 -0.00326252
-11.8667 -1.58606e-20 -0.00332998
-11.7333 2.55681e-20 -0.0033973
-11.6 9.66544e-20 -0.00346704
-11.4667 2.01602e-20 -0.00353924
-11.3333 -8.52462e-20 -0.00361167
-11.2 3.1664e-20 -0.00368665
-11.0667 -9.50301e-20 -0.00376425
-10.9333 -9.65015e-20 -0.00384241
-10.8 -1.11426e-19 -0.00392329
-10.6667 -2.67089e-19 -0.00400695
-10.5333 -2.16698e-19 -0.00409149
-10.4 -1.47084e-19 -0.00417891
-10.2667 -2.00475e-19 -0.00426927
-10.1333 -2.59465e-19 -0.00436083
-10 -1.34987e-19 -0.00445544
-9.86667 -1.13623e-19 -0.00455313
-9.73333 -7.86917e-20 -0.00465284
-9.6 -9.95781e-20 -0.00475469
-9.46667 -6.83154e-20 -0.0048603
-9.33333 4.33015e-20 -0.00496813
-9.2 5.26076e-20 -0.00507829
-9.06667 6.01558e-20 -0.00519226
-8.93333 -5.55505e-20 -0.00530859
-8.8 -7.08952e-21 -0.00542737
-8.66667 7.46023e-20 -0.00554993
-8.53333 1.79072e-19 -0.00567487
-8.4 6.42452e-20 -0.00580226
-8.26667 2.22756e-19 -0.00593328
-8.13333 2.68714e-19 -0.00606671
-8 1.44255e-19 -0.00620369
-7.86667 -7.03219e-20 -0.00634266
-7.73333 9.99412e-21 -0.00648445
-7.6 -3.55431e-20 -0.00662889
-7.46667 3.68808e-20 -0.00677449
-7.33333 -8.56666e-20 -0.00692212
-7.2 9.25459e-20 -0.00707147
-7.06667 2.02672e-19 -0.00722099
-6.93333 1.24286e-19 -0.00737119
-6.8 9.87946e-20 -0.00752153
-6.66667 2.18514e-19 -0.00767018
-6.53333 3.62884e-19 -0.00781725
-6.4 1.3128e-20 -0.00796174
-6.26667 2.89562e-19 -0.00810144
-6.13333 1.02234e-19 -0.00823584
-6 2.63841e-19 -0.00836326
-5.86667 1.18152e-19 -0.00848114
-5.73333 4.7601e-20 -0.00858718
-5.6 8.70998e-20 -0.00867956
-5.46667 4.47538e-20 -0.00875431
-5.33333 3.55049e-20 -0.00880789
-5.2 -1.56695e-21 -0.00883685
-5.06667 2.07851e-19 -0.00883556
-4.93333 2.11462e-19 -0.00879853
-4.8 3.58279e-19 -0.00871995
-4.66667 2.1945e-19 -0.00859165
-4.53333 2.90555e-19 -0.00840525
-4.4 3.45896e-19 -0.00815147
-4.26667 4.81399e-19 -0.00781843
-4.13333 3.99325e-19 -0.00739362
-4 1.0705e-19 -0.00686294
-3.86667 1.01489e-19 -0.00620933
-3.73333 -4.53844e-19 -0.00541523
-3.6 -3.55966e-19 -0.00445907
-3.46667 -1.59562e-20 -0.00331884
-3.33333 -3.48017e-19 -0.00197017
-3.2 -3.16525e-19 -0.000385495
-3.06667 -2.5914e-19 0.00146253
-2.93333 -5.52829e-19 0.00360211
-2.8 -1.54651e-19 0.00606205
-2.66667 -1.31987e-19 0.00886709
-2.53333 -8.12523e-20 0.012037
-2.4 1.63556e-19 0.0155836
-2.26667 -2.98944e-19 0.019503
-2.13333 -4.41881e-19 0.0237708
-2 -7.81108e-19 0.0283333
-1.86667 -2.32788e-19 0.0330963
-1.73333 -1.93978e-19 0.0379127
-1.6 -7.37214e-19 0.0425717
-1.46667 1.05578e-19 0.0467865
-1.33333 -2.78192e-19 0.0501908
-1.2 3.96497e-19 0.0523473
-1.06667 1.34796e-19 0.0527774
-0.933333 3.37813e-19 0.0510281
-0.8 1.8572e-18 0.0467823
-0.666667 3.81038e-20 0.0400157
-0.533333 9.28956e-19 0.0311785
-0.4 -1.35209e-18 0.0213407
-0.266667 -1.66302e-18 0.0121211
-0.133333 -1.48844e-18 0.00501967
0 -7.18048e-19 3.17722e-17
0.133333 -1.11349e-19 -0.00501967
0.266667 -1.66193e-19 -0.0121211
0.4 1.20453e-18 -0.0213407
0.533333 -8.04402e-19 -0.0311785
0.666667 -3.80445e-19 -0.0400157
0.8 -1.35951e-18 -0.0467823
0.933333 2.27514e-19 -0.0510281
1.06667 2.84364e-19 -0.0527774
1.2 -3.65101e-19 -0.0523473
1.33333 4.0458e-19 -0.0501908
1.46667 2.57497e-19 -0.0467865
1.6 8.5571e-19 -0.0425717
1.73333 8.75565e-19 -0.0379127
1.86667 6.46503e-19 -0.0330963
2 6.88791e-19 -0.0283333
2.13333 5.73525e-19 -0.0237708
2.26667 -5.01999e-20 -0.019503
2.4 2.11921e-20 -0.0155836
2.53333 2.85148e-19 -0.012037
2.66667 -2.19469e-19 -0.00886709
2.8 2.18953e-19 -0.00606205
2.93333 4.98043e-19 -0.00360211
3.06667 1.90538e-19 -0.00146253
3.2 3.10181e-19 0.000385495
3.33333 5.70257e-19 0.00197017
3.46667 1.00304e-19 0.00331884
3.6 4.75953e-19 0.00445907
3.73333 2.49891e-19 0.00541523
3.86667 6.11495e-20 0.00620933
4 3.52756e-20 0.00686294
4.13333 2.25183e-19 0.00739362
4.26667 -1.49128e-19 0.00781843
4.4 -4.07045e-19 0.00815147
4.53333 -2.28336e-19 0.00840525
4.66667 -3.43335e-19 0.00859165
4.8 -2.40489e-19 0.00871995
4.93333 1.77142e-20 0.00879853
5.06667 8.32588e-20 0.00883556
5.2 1.17522e-19 0.00883685
5.33333 -4.33779e-21 0.00880789
5.46667 -9.92914e-20 0.00875431
5.6 -1.9134e-19 0.00867956
5.73333 -3.32118e-20 0.00858718
5.86667 5.24166e-20 0.00848114
6 -1.80448e-19 0.00836326
6.13333 -2.50636e-19 0.00823584
6.26667 -2.58968e-19 0.00810144
6.4 1.56122e-20 0.00796174
6.53333 -1.32618e-19 0.00781725
6.66667 2.04469e-20 0.00767018
6.8 -3.09053e-19 0.00752153
6.93333 -8.96222e-20 0.00737119
7.06667 -3.95943e-20 0.00722099
7.2 2.43642e-20 0.00707147
7.33333 -3.9021e-20 0.00692212
7.46667 -7.65897e-20 0.00677449
7.6 1.54765e-19 0.00662889
7.73333 -1.75786e-19 0.00648445
7.86667 -1.87136e-19 0.00634266
8 -8.74819e-20 0.00620369
8.13333 -1.33363e-19 0.00606671
8.26667 -1.38446e-19 0.00593328
8.4 -6.18756e-20 0.00580226
8.53333 -2.51859e-20 0.00567487
8.66667 -2.60325e-19 0.00554993
8.8 -1.12171e-19 0.00542737
8.93333 -2.14214e-20 0.00530859
9.06667 -7.86344e-20 0.00519226
9.2 -4.7773e-20 0.00507829
9.33333 1.19089e-19 0.00496813
9.46667 -1.10833e-20 0.0048603
9.6 -7.13538e-20 0.00475469
9.73333 1.28796e-20 0.00465284
9.86667 2.84345e-20 0.00455313
10 1.41733e-19 0.00445544
10.1333 4.80214e-20 0.00436083
10.2667 3.68234e-20 0.00426927
10.4 4.32441e-20 0.00417891
10.5333 4.24683e-19 0.00409149
10.6667 4.2002e-20 0.00400695
10.8 1.02368e-19 0.00392329
10.9333 5.61046e-20 0.00384241
11.0667 1.17216e-19 0.00376425
11.2 5.36204e-20 0.00368665
11.3333 -3.04027e-20 0.00361167
11.4667 -5.8092e-21 0.00353924
11.6 1.06209e-19 0.00346704
11.7333 -1.78862e-20 0.0033973
11.8667 -5.56269e-20 0.00332998
12 -5.97927e-20 0.00326252
12.1333 -1.28204e-19 0.00319738
12.2667 -1.30516e-20 0.00313272
12.4 -5.24357e-20 0.00307117
12.5333 1.65104e-20 0.00300998
12.6667 2.0829e-21 0.00294896
12.8 6.79141e-20 0.00289102
12.9333 6.22196e-20 0.00283312
13.0667 1.56485e-19 0.00277506
13.2 2.41808e-19 0.00272007
13.3333 2.42075e-19 0.00266478
13.4667 2.87364e-19 0.00260898
13.6 2.63287e-19 0.00255624
13.7333 6.27737e-20 0.00250282
13.8667 2.85683e-20 0.00244849
14 5.32382e-20 0.00239723
14.1333 3.53138e-20 0.00234486
14.2667 -2.00073e-20 0.00229112
14.4 -1.57498e-19 0.00223888
14.5333 -1.54421e-19 0.00218818
14.6667 -1.5339e-19 0.00213397
14.8 -1.42631e-19 0.00208104
14.9333 -9.73423e-20 0.00202945
15.0667 -1.32427e-20 0.00197344
15.2 2.3468e-19 0.00191841
15.3333 -1.35179e-19 0.00186437
15.4667 -4.4276e-20 0.00180475
15.6 -1.00132e-19 0.00174563
15.7333 1.59562e-20 0.00168703
15.8667 -5.56078e-21 0.00162143
16 2.01602e-20 0.00155613
16.1333 -4.83463e-21 0.00148653
16.2667 2.41349e-20 0.00142029
16.4 4.39321e-20 0.00134804
16.5333 -8.79597e-20 0.00126874
16.6667 5.81684e-20 0.00119161
16.8 -7.4201e-20 0.00110657
16.9333 7.94943e-20 0.0010127
17.0667 -7.63604e-20 0.000920571
17.2 -6.93664e-20 0.000818619
17.3333 1.92048e-20 0.000705844
17.4667 1.80563e-19 0.000594285
17.6 1.02636e-19 0.000471026
17.7333 2.07908e-20 0.00033554
17.8667 -3.42055e-20 0.000201203
18 -5.12127e-21 5.50585e-05
18.1333 -8.13288e-20 -0.000101444
18.2667 -1.68734e-19 -0.000257666
18.4 -2.68198e-19 -0.000411777
18.5333 -3.9642e-19 -0.000565944
18.6667 -3.58298e-19 -0.000703548
18.8 -4.42607e-19 -0.000818275
18.9333 -3.12034e-19 -0.000878387
19.0667 -2.03074e-19 -0.000869689
19.2 -9.65015e-20 -0.000778186
19.3333 -7.96663e-20 -0.000478838
19.4667 5.96207e-20 -8.31855e-07
19.6 2.01258e-19 0.000643398
19.7333 -7.42393e-20 0.00169547
19.8667 5.29707e-20 0.0028427
20 3.48743e-20 0.00352454
