-20 -2.60304 -3.83465
-19.6 -2.17073 -3.89179
-19.2 -2.30222 -2.83776
-18.8 -1.57113 -3.65646
-18.4 -0.169712 -2.3434
-18 -1.17975 -1.55576
-17.6 -0.0526889 -2.61945
-17.2 -0.781277 -1.52342
-16.8 0.0578849 -3.41177
-16.4 -0.812316 -2.25913
-16 -1.25523 -1.01226
-15.6 -0.864249 -2.08751
-15.2 0.00706573 -3.59092
-14.8 -0.827787 -2.33464
-14.4 -1.38275 -0.683782
-14 -0.855552 -1.84186
-13.6 1.2653 -4.69498
-13.2 -0.933726 -2.11065
-12.8 -2.09131 -0.18147
-12.4 -0.984629 -1.28409
-12 2.28684 -4.29646
-11.6 -1.1059 -1.6695
-11.2 -2.17698 0.530439
-10.8 -1.32399 -0.596121
-10.4 0.444775 -2.14544
-10 -1.34489 -1.06566
-9.6 1.65109 -2.2769
-9.2 -1.88169 0.214593
-8.8 -0.724175 -1.48334
-8.4 -1.71788 -0.0883533
-8 0.910435 0.310605
-7.6 -2.17217 2.08633
-7.2 0.913553 -1.16852
-6.8 -2.22823 1.37503
-6.4 -4.58366 6.24395
-6 -3.17311 4.73334
-5.6 4.03184 -0.616045
-5.2 -2.21759 3.20146
-4.8 -7.34096 15.8335
-4.4 0.109974 14.4703
-4 0.567048 5.24585
-3.6 3.77796 3.97829
-3.2 13.375 19.3669
-2.8 93.6321 79.5741
-2.4 206.523 185.096
-2 207.877 103.075
-1.6 332.329 422.122
-1.2 525.959 49.5949
-0.8 60.1192 10.5508
-0.4 -1.76531 -6.86591
0 -33.164 9.51792
0.4 -163.693 262.6
0.8 100.68 330.46
1.2 709.816 137.602
1.6 367.412 -78.8632
2 -206.188 272.821
2.4 -108.212 28.3107
2.8 -42.1101 -20.741
3.2 19.6194 -6.83764
3.6 6.3362 21.0391
4 -4.09695 22.6977
4.4 4.41703 22.0782
4.8 3.44198 23.2327
5.2 -0.968868 12.4867
5.6 1.41847 9.90581
6 -1.56171 8.66751
6.4 -0.818033 7.1638
6.8 -1.06056 6.58538
7.2 -1.52177 5.53752
7.6 -1.27797 3.99736
8 -2.71393 6.17143
8.4 -0.821008 3.28274
8.8 -1.54176 3.86436
9.2 -0.814013 1.61931
9.6 1.72508 -0.62656
10 -0.683481 1.2153
10.4 -1.88494 2.17954
10.8 -0.695895 0.0294848
11.2 1.42226 -2.78641
11.6 -0.673579 -0.212818
12 -1.73936 0.482313
12.4 -0.675955 -1.0148
12.8 -0.227307 -2.09149
13.2 -0.665758 -1.07734
13.6 -2.65473 1.1612
14 -0.756833 -1.65888
14.4 -0.363875 -2.67691
14.8 -0.755567 -1.55236
15.2 0.684175 -2.78718
15.6 -0.973287 -2.00529
16 -0.810884 -2.94768
16.4 -1.16991 -1.84364
16.8 -1.90847 -1.36232
17.2 -1.8058 -2.24527
17.6 -4.48598 -0.402217
18 -3.4323 -1.97581
18.4 -3.60626 -2.07277
18.8 0.999152 -2.86573
19.2 0.893779 -2.93761
19.6 1.08676 -2.172
20 0.765752 -2.26586
