-20 20.9335 -47.2889
-19.7333 20.97 -47.9427
-19.4667 20.5756 -49.1
-19.2 20.5919 -48.0893
-18.9333 20.5367 -47.8091
-18.6667 20.231 -48.294
-18.4 20.1408 -47.9321
-18.1333 20.2048 -48.1214
-17.8667 19.9414 -48.037
-17.6 20.235 -48.1796
-17.3333 20.3095 -48.78
-17.0667 19.0359 -45.5835
-16.8 19.4631 -45.4232
-16.5333 19.6865 -45.8414
-16.2667 18.9474 -46.1013
-16 19.5962 -45.8901
-15.7333 19.7559 -46.4468
-15.4667 20.034 -45.6645
-15.2 20.0889 -46.4676
-14.9333 20.1469 -45.535
-14.6667 20.3406 -45.1454
-14.4 19.9054 -46.1412
-14.1333 19.7593 -46.5693
-13.8667 19.9058 -46.2026
-13.6 20.4319 -46.4468
-13.3333 20.4492 -46.1547
-13.0667 20.8753 -46.8651
-12.8 20.522 -45.7097
-12.5333 20.4557 -45.0185
-12.2667 20.441 -45.7458
-12 20.2137 -45.4947
-11.7333 20.2427 -45.2687
-11.4667 20.5794 -45.2582
-11.2 20.9551 -45.0021
-10.9333 20.8577 -45.909
-10.6667 20.8407 -44.1541
-10.4 20.2214 -43.3898
-10.1333 20.7756 -44.367
-9.86667 20.1398 -45.8788
-9.6 20.7161 -42.5007
-9.33333 20.6053 -41.2497
-9.06667 20.8851 -42.4567
-8.8 21.1978 -41.6341
-8.53333 20.7331 -40.0264
-8.26667 19.7818 -39.1092
-8 20.3901 -39.3892
-7.73333 19.7155 -41.1202
-7.46667 18.2947 -35.0506
-7.2 16.0126 -30.5083
-6.93333 15.5835 -32.8927
-6.66667 11.3995 -29.5961
-6.4 2.28923 -37.3075
-6.13333 5.7938 -50.5305
-5.86667 6.72239 -45.2318
-5.6 16.212 -43.4556
-5.33333 14.5599 -44.9004
-5.06667 20.4586 -39.4672
-4.8 16.6369 -39.7648
-4.53333 13.7112 -38.6796
-4.26667 13.8234 -37.2417
-4 13.2494 -35.5915
-3.73333 8.84921 -36.6738
-3.46667 7.34757 -37.9038
-3.2 -2.41021 -29.156
-2.93333 -13.7429 -16.5143
-2.66667 -27.3946 -0.771333
-2.4 -68.6023 4.0641
-2.13333 -100 -20.1162
-1.86667 -67.1165 -41.7734
-1.6 -70.6142 -75.1577
-1.33333 -41.6951 -94.3574
-1.06667 -15.7369 -109.285
-0.8 10.8012 -126.095
-0.533333 16.9681 -123.078
-0.266667 22.0172 -112.765
0 35.1601 -129.391
0.266667 35.4402 -89.2187
0.533333 77.8631 -101.279
0.8 91.0533 -80.7637
1.06667 79.7638 -47.2282
1.33333 76.1293 -49.2502
1.6 74.3747 -24.659
1.86667 87.2113 -23.4076
2.13333 118.691 -60.5285
2.4 167.944 -90.2175
2.66667 131.234 -54.9956
2.93333 107.886 -50.8845
3.2 72.6499 -36.0155
3.46667 57.0355 -50.242
3.73333 35.1619 -47.9523
4 30.7086 -50.4963
4.26667 24.7839 -57.5884
4.53333 26.2546 -61.7695
4.8 22.8438 -59.6998
5.06667 23.4846 -63.7641
5.33333 24.4546 -67.8594
5.6 27.488 -57.3542
5.86667 31.1069 -76.6333
6.13333 27.7865 -69.6716
6.4 46.9694 -57.6759
6.66667 34.8417 -34.8384
6.93333 28.9288 -35.7736
7.2 29.2768 -27.9337
7.46667 27.0733 -39.398
7.73333 19.777 -39.8171
8 22.0193 -37.0584
8.26667 23.4072 -38.5264
8.53333 21.8469 -41.5466
8.8 20.9001 -39.9356
9.06667 20.8145 -41.286
9.33333 21.7714 -42.148
9.6 21.1933 -43.8564
9.86667 18.9611 -45.5564
10.1333 20.2919 -43.3706
10.4 21.0161 -44.6651
10.6667 20.9216 -44.07
10.9333 19.3138 -45.2674
11.2 20.3674 -44.8423
11.4667 19.9168 -45.0942
11.7333 20.2807 -45.0177
12 20.2791 -45.1157
12.2667 19.9926 -45.6064
12.5333 20.3002 -45.6595
12.8 20.2164 -46.3267
13.0667 18.702 -46.3537
13.3333 20.1683 -46.3099
13.6 19.9921 -46.3112
13.8667 20.3337 -46.3281
14.1333 20.1221 -46.6894
14.4 20.0573 -46.4093
14.6667 20.5613 -45.6274
14.9333 20.8565 -45.9576
15.2 19.9925 -46.5244
15.4667 20.4593 -46.5562
15.7333 19.9312 -46.4113
16 20.4666 -46.3098
16.2667 20.6792 -47.2656
16.5333 20.6509 -46.8303
16.8 21.1251 -46.3488
17.0667 21.4626 -46.8432
17.3333 18.5869 -47.3911
17.6 19.2601 -47.3864
17.8667 19.5519 -47.6969
18.1333 19.3444 -47.515
18.4 19.5568 -47.4869
18.6667 19.2357 -47.6663
18.9333 19.5675 -47.2257
19.2 19.2672 -47.5787
19.4667 18.182 -48.0561
19.7333 18.6482 -46.956
20 18.7924 -46.9421
