-20 0.501267 0.000904137
-19.8667 0.501408 0.00122987
-19.7333 0.501593 0.00153184
-19.6 0.501614 0.00177224
-19.4667 0.501513 0.00189214
-19.3333 0.501333 0.00195843
-19.2 0.501103 0.00197204
-19.0667 0.500897 0.00194675
-18.9333 0.500686 0.00189987
-18.8 0.500481 0.00183637
-18.6667 0.500327 0.0017746
-18.5333 0.500183 0.00170755
-18.4 0.50005 0.00163754
-18.2667 0.499958 0.00157924
-18.1333 0.499873 0.0015206
-18 0.499795 0.00146263
-17.8667 0.499738 0.00141322
-17.7333 0.499697 0.00137164
-17.6 0.499653 0.00132774
-17.4667 0.499622 0.00129125
-17.3333 0.499601 0.00126127
-17.2 0.499576 0.00122943
-17.0667 0.49956 0.00120354
-16.9333 0.49955 0.00118286
-16.8 0.499536 0.00116051
-16.6667 0.499528 0.00114288
-16.5333 0.499524 0.00112938
-16.4 0.499516 0.00111432
-16.2667 0.499512 0.00110301
-16.1333 0.499511 0.00109502
-16 0.499507 0.00108566
-15.8667 0.499504 0.00107945
-15.7333 0.499501 0.00107353
-15.6 0.499501 0.00107161
-15.4667 0.4995 0.00106981
-15.3333 0.499497 0.00106822
-15.2 0.499497 0.00107
-15.0667 0.499496 0.00107183
-14.9333 0.499493 0.00107378
-14.8 0.499492 0.00107862
-14.6667 0.49949 0.00108349
-14.5333 0.499486 0.00108846
-14.4 0.499485 0.00109596
-14.2667 0.499481 0.00110351
-14.1333 0.499477 0.00111117
-14 0.499473 0.0011204
-13.8667 0.499469 0.00113109
-13.7333 0.499463 0.00114124
-13.6 0.499458 0.00115283
-13.4667 0.499452 0.00116577
-13.3333 0.499445 0.00117829
-13.2 0.499438 0.00119215
-13.0667 0.49943 0.0012073
-12.9333 0.499421 0.00122214
-12.8 0.499412 0.00123825
-12.6667 0.499403 0.00125559
-12.5333 0.499392 0.00127274
-12.4 0.49938 0.00129113
-12.2667 0.499369 0.00131071
-12.1333 0.499355 0.00133022
-12 0.499341 0.00135093
-11.8667 0.499326 0.00137206
-11.7333 0.499311 0.00139476
-11.6 0.499294 0.00141788
-11.4667 0.499276 0.0014415
-11.3333 0.499257 0.00146665
-11.2 0.499237 0.0014923
-11.0667 0.499216 0.00151851
-10.9333 0.499193 0.00154624
-10.8 0.49917 0.00157455
-10.6667 0.499144 0.00160348
-10.5333 0.499117 0.00163393
-10.4 0.499089 0.00166502
-10.2667 0.499059 0.0016968
-10.1333 0.499027 0.0017301
-10 0.498993 0.00176411
-9.86667 0.498957 0.00179887
-9.73333 0.498919 0.00183489
-9.6 0.49888 0.00187218
-9.46667 0.498837 0.00191001
-9.33333 0.498792 0.00194911
-9.2 0.498745 0.00198946
-9.06667 0.498694 0.0020304
-8.93333 0.49864 0.00207257
-8.8 0.498584 0.00211597
-8.66667 0.498524 0.00215993
-8.53333 0.49846 0.00220505
-8.4 0.498393 0.00225129
-8.26667 0.498321 0.00229802
-8.13333 0.498245 0.00234577
-8 0.498164 0.00239414
-7.86667 0.498078 0.00244358
-7.73333 0.497987 0.00249345
-7.6 0.49789 0.00254371
-7.46667 0.497788 0.00259468
-7.33333 0.497678 0.00264568
-7.2 0.497562 0.00269656
-7.06667 0.497438 0.00274752
-6.93333 0.497306 0.00279783
-6.8 0.497166 0.00284718
-6.66667 0.497017 0.00289565
-6.53333 0.496858 0.00294236
-6.4 0.496688 0.00298683
-6.26667 0.496508 0.00302889
-6.13333 0.496316 0.00306746
-6 0.496111 0.00310176
-5.86667 0.495893 0.00313119
-5.73333 0.495661 0.00315471
-5.6 0.495413 0.00317072
-5.46667 0.49515 0.00317826
-5.33333 0.494869 0.00317577
-5.2 0.494571 0.00316104
-5.06667 0.494255 0.0031324
-4.93333 0.493919 0.00308751
-4.8 0.493562 0.00302328
-4.66667 0.493185 0.00293699
-4.53333 0.492787 0.00282521
-4.4 0.492367 0.00268357
-4.26667 0.491926 0.00250796
-4.13333 0.491465 0.00229346
-4 0.490984 0.00203404
-3.86667 0.490485 0.00172379
-3.73333 0.489971 0.0013558
-3.6 0.489447 0.000922763
-3.46667 0.488917 0.000416347
-3.33333 0.488389 -0.000171794
-3.2 0.487872 -0.000850247
-3.06667 0.487378 -0.00162802
-2.93333 0.486922 -0.00251324
-2.8 0.486523 -0.00351288
-2.66667 0.486203 -0.00463241
-2.53333 0.48599 -0.00587374
-2.4 0.485915 -0.00723398
-2.26667 0.486015 -0.00870403
-2.13333 0.48633 -0.0102653
-2 0.486903 -0.0118873
-1.86667 0.487777 -0.0135242
-1.73333 0.488989 -0.0151126
-1.6 0.490568 -0.0165675
-1.46667 0.492521 -0.0177826
-1.33333 0.494826 -0.018632
-1.2 0.497415 -0.018977
-1.06667 0.500162 -0.0186808
-0.933333 0.502874 -0.017634
-0.8 0.505286 -0.0157879
-0.666667 0.507082 -0.0131991
-0.533333 0.50794 -0.0100704
-0.4 0.507609 -0.00677254
-0.266667 0.506009 -0.00381508
-0.133333 0.503321 -0.00174569
0 0.5 -0.000999945
0.133333 0.496679 -0.00174569
0.266667 0.493991 -0.00381508
0.4 0.492391 -0.00677254
0.533333 0.49206 -0.0100704
0.666667 0.492918 -0.0131991
0.8 0.494714 -0.0157879
0.933333 0.497126 -0.017634
1.06667 0.499838 -0.0186808
1.2 0.502585 -0.018977
1.33333 0.505174 -0.018632
1.46667 0.507479 -0.0177826
1.6 0.509432 -0.0165675
1.73333 0.511011 -0.0151126
1.86667 0.512223 -0.0135242
2 0.513097 -0.0118873
2.13333 0.51367 -0.0102653
2.26667 0.513985 -0.00870403
2.4 0.514085 -0.00723398
2.53333 0.51401 -0.00587374
2.66667 0.513797 -0.00463241
2.8 0.513477 -0.00351288
2.93333 0.513078 -0.00251324
3.06667 0.512622 -0.00162802
3.2 0.512128 -0.000850247
3.33333 0.511611 -0.000171794
3.46667 0.511083 0.000416347
3.6 0.510553 0.000922763
3.73333 0.510029 0.0013558
3.86667 0.509515 0.00172379
4 0.509016 0.00203404
4.13333 0.508535 0.00229346
4.26667 0.508074 0.00250796
4.4 0.507633 0.00268357
4.53333 0.507213 0.00282521
4.66667 0.506815 0.00293699
4.8 0.506438 0.00302328
4.93333 0.506081 0.00308751
5.06667 0.505745 0.0031324
5.2 0.505429 0.00316104
5.33333 0.505131 0.00317577
5.46667 0.50485 0.00317826
5.6 0.504587 0.00317072
5.73333 0.504339 0.00315471
5.86667 0.504107 0.00313119
6 0.503889 0.00310176
6.13333 0.503684 0.00306746
6.26667 0.503492 0.00302889
6.4 0.503312 0.00298683
6.53333 0.503142 0.00294236
6.66667 0.502983 0.00289565
6.8 0.502834 0.00284718
6.93333 0.502694 0.00279783
7.06667 0.502562 0.00274752
7.2 0.502438 0.00269656
7.33333 0.502322 0.00264568
7.46667 0.502212 0.00259468
7.6 0.50211 0.00254371
7.73333 0.502013 0.00249345
7.86667 0.501922 0.00244358
8 0.501836 0.00239414
8.13333 0.501755 0.00234577
8.26667 0.501679 0.00229802
8.4 0.501607 0.00225129
8.53333 0.50154 0.00220505
8.66667 0.501476 0.00215993
8.8 0.501416 0.00211597
8.93333 0.50136 0.00207257
9.06667 0.501306 0.0020304
9.2 0.501255 0.00198946
9.33333 0.501208 0.00194911
9.46667 0.501163 0.00191001
9.6 0.50112 0.00187218
9.73333 0.501081 0.00183489
9.86667 0.501043 0.00179887
10 0.501007 0.00176411
10.1333 0.500973 0.0017301
10.2667 0.500941 0.0016968
10.4 0.500911 0.00166502
10.5333 0.500883 0.00163393
10.6667 0.500856 0.00160348
10.8 0.50083 0.00157455
10.9333 0.500807 0.00154624
11.0667 0.500784 0.00151851
11.2 0.500763 0.0014923
11.3333 0.500743 0.00146665
11.4667 0.500724 0.0014415
11.6 0.500706 0.00141788
11.7333 0.500689 0.00139476
11.8667 0.500674 0.00137206
12 0.500659 0.00135093
12.1333 0.500645 0.00133022
12.2667 0.500631 0.00131071
12.4 0.50062 0.00129113
12.5333 0.500608 0.00127274
12.6667 0.500597 0.00125559
12.8 0.500588 0.00123825
12.9333 0.500579 0.00122214
13.0667 0.50057 0.0012073
13.2 0.500562 0.00119215
13.3333 0.500555 0.00117829
13.4667 0.500548 0.00116577
13.6 0.500542 0.00115283
13.7333 0.500537 0.00114124
13.8667 0.500531 0.00113109
14 0.500527 0.0011204
14.1333 0.500523 0.00111117
14.2667 0.500519 0.00110351
14.4 0.500515 0.00109596
14.5333 0.500514 0.00108846
14.6667 0.50051 0.00108349
14.8 0.500508 0.00107862
14.9333 0.500507 0.00107378
15.0667 0.500504 0.00107183
15.2 0.500503 0.00107
15.3333 0.500503 0.00106822
15.4667 0.5005 0.00106981
15.6 0.500499 0.00107161
15.7333 0.500499 0.00107353
15.8667 0.500496 0.00107945
16 0.500493 0.00108566
16.1333 0.500489 0.00109502
16.2667 0.500488 0.00110301
16.4 0.500484 0.00111432
16.5333 0.500476 0.00112938
16.6667 0.500472 0.00114288
16.8 0.500464 0.00116051
16.9333 0.50045 0.00118286
17.0667 0.50044 0.00120354
17.2 0.500424 0.00122943
17.3333 0.500399 0.00126127
17.4667 0.500378 0.00129125
17.6 0.500347 0.00132774
17.7333 0.500303 0.00137164
17.8667 0.500262 0.00141322
18 0.500205 0.00146263
18.1333 0.500127 0.0015206
18.2667 0.500042 0.00157924
18.4 0.49995 0.00163754
18.5333 0.499817 0.00170755
18.6667 0.499673 0.0017746
18.8 0.499519 0.00183637
18.9333 0.499314 0.00189987
19.0667 0.499103 0.00194675
19.2 0.498897 0.00197204
19.3333 0.498667 0.00195843
19.4667 0.498487 0.00189214
19.6 0.498386 0.00177224
19.7333 0.498407 0.00153184
19.8667 0.498592 0.00122987
20 0.498733 0.000882459
