-20 0.483984 0.000821712
-19.6 0.483704 0.00065235
-19.2 0.483675 0.000711313
-18.8 0.483594 0.000774301
-18.4 0.483611 0.000856977
-18 0.483668 0.000860458
-17.6 0.483712 0.000892713
-17.2 0.483745 0.000905131
-16.8 0.483773 0.000900518
-16.4 0.483792 0.00090846
-16 0.483809 0.000916397
-15.6 0.483819 0.000907886
-15.2 0.483831 0.000916827
-14.8 0.48384 0.000921517
-14.4 0.483849 0.00091478
-14 0.48386 0.000923222
-13.6 0.48387 0.000929174
-13.2 0.483879 0.000920129
-12.8 0.483893 0.00093032
-12.4 0.483906 0.000935364
-12 0.483919 0.000923982
-11.6 0.483937 0.000933385
-11.2 0.483956 0.000937642
-10.8 0.483975 0.000919009
-10.4 0.484001 0.000927901
-10 0.484027 0.00092641
-9.6 0.484057 0.000898198
-9.2 0.484094 0.000897316
-8.8 0.484133 0.000885022
-8.4 0.484173 0.000832578
-8 0.484226 0.000812433
-7.6 0.484279 0.000768725
-7.2 0.484334 0.000671182
-6.8 0.484398 0.000597459
-6.4 0.484462 0.000486929
-6 0.484512 0.000283345
-5.6 0.484561 9.49365e-05
-5.2 0.484575 -0.000173608
-4.8 0.484524 -0.000589863
-4.4 0.484391 -0.00101144
-4 0.48409 -0.00155098
-3.6 0.483496 -0.00224024
-3.2 0.482546 -0.00282229
-2.8 0.481065 -0.00309678
-2.4 0.478963 -0.00306841
-2 0.476843 -0.00141682
-1.6 0.475475 0.00146556
-1.2 0.476676 0.00467568
-0.8 0.480258 0.00720829
-0.4 0.482805 0.00678452
0 0.483758 0.00594062
0.4 0.48487 0.00764294
0.8 0.488064 0.00884514
1.2 0.491799 0.00612823
1.6 0.492863 0.00210798
2 0.491277 -0.00136324
2.4 0.488885 -0.00311068
2.8 0.486653 -0.00336173
3.2 0.485033 -0.00320441
3.6 0.483985 -0.00251334
4 0.483356 -0.00187902
4.4 0.483026 -0.0013245
4.8 0.482873 -0.000819411
5.2 0.482823 -0.000418656
5.6 0.482831 -0.000129016
6 0.482883 0.000115877
6.4 0.482942 0.000308813
6.8 0.483005 0.000436077
7.2 0.483075 0.000547689
7.6 0.483139 0.000635635
8 0.483194 0.000692518
8.4 0.48325 0.000738488
8.8 0.483299 0.000782224
9.2 0.48334 0.000805093
9.6 0.48338 0.000824591
10 0.483414 0.000844538
10.4 0.483442 0.000854839
10.8 0.483473 0.000859442
11.2 0.483495 0.000871065
11.6 0.483514 0.000874045
12 0.483536 0.000874469
12.4 0.483552 0.000880157
12.8 0.483565 0.000881284
13.2 0.483581 0.000878157
13.6 0.483592 0.000882431
14 0.483602 0.000882255
14.4 0.483615 0.000878571
14.8 0.483624 0.00088135
15.2 0.483633 0.000882112
15.6 0.483647 0.000876324
16 0.483657 0.000881318
16.4 0.483671 0.000879374
16.8 0.483691 0.000872207
17.2 0.483716 0.000874876
17.6 0.483747 0.00086933
18 0.483785 0.000836819
18.4 0.48384 0.000832046
18.8 0.483854 0.00076481
19.2 0.48375 0.00070215
19.6 0.483718 0.000636307
20 0.483489 0.000765531
