-20 -1.57033e-08 2.68301e-05
-18 -3.58618e-08 5.56881e-05
-16 -7.58943e-08 0.000106031
-14 -1.32629e-07 0.00016461
-12 -2.86012e-07 0.000310891
-10 -5.82992e-07 0.00054406
-8 -1.56143e-06 0.00122457
-6 -3.84121e-06 0.00244846
-4 -7.71068e-06 0.0038834
-2 8.06804e-05 -0.026428
0 1.93514e-17 -7.74199e-17
2 0.000570731 0.0601061
4 -2.61975e-05 -0.00611455
6 -8.99953e-06 -0.0033654
8 -2.98059e-06 -0.00156018
10 -9.76304e-07 -0.000661271
12 -4.39671e-07 -0.000365951
14 -1.91533e-07 -0.000189348
16 -1.04684e-07 -0.000119862
18 -4.77065e-08 -6.21053e-05
20 -2.03061e-08 -2.96002e-05
