-15 2.00662e-18 0.0246987
-13.5 1.12969e-17 0.0332654
-12 2.23617e-17 0.049744
-10.5 -8.86335e-18 0.0632743
-9 -5.71917e-18 0.0844993
-7.5 1.04897e-17 0.104535
-6 -5.3668e-18 0.133702
-4.5 5.85469e-18 0.131679
-3 -2.60209e-18 -0.00466104
-1.5 -7.31836e-19 -0.35454
0 3.25261e-18 -1.86618e-17
1.5 -3.44234e-18 0.35454
3 -2.84603e-18 0.00466104
4.5 9.75782e-18 -0.131679
6 6.85758e-18 -0.133702
7.5 -3.33392e-18 -0.104535
9 2.62919e-18 -0.0844993
10.5 -3.30343e-18 -0.0632743
12 -2.58176e-18 -0.049744
13.5 9.12678e-18 -0.0332654
15 3.63208e-18 -0.0246987
