-20 3.77672e-10 4.2861e-07
-19.7333 4.32113e-10 6.69211e-07
-19.4667 4.63124e-10 7.47895e-07
-19.2 4.78645e-10 6.39309e-07
-18.9333 4.65042e-10 4.53882e-07
-18.6667 4.14569e-10 2.77195e-07
-18.4 3.44466e-10 1.386e-07
-18.1333 2.66656e-10 4.56999e-08
-17.8667 1.94378e-10 -1.14513e-08
-17.6 1.30354e-10 -4.0852e-08
-17.3333 7.84368e-11 -5.24232e-08
-17.0667 3.58474e-11 -5.12636e-08
-16.8 3.35799e-12 -4.27775e-08
-16.5333 -2.30057e-11 -2.89536e-08
-16.2667 -4.25645e-11 -1.25693e-08
-16 -5.91141e-11 5.9687e-09
-15.7333 -7.13139e-11 2.50517e-08
-15.4667 -8.26678e-11 4.49761e-08
-15.2 -9.11375e-11 6.45825e-08
-14.9333 -1.0013e-10 8.44738e-08
-14.6667 -1.06992e-10 1.03605e-07
-14.4 -1.15236e-10 1.22712e-07
-14.1333 -1.21641e-10 1.40694e-07
-13.8667 -1.2998e-10 1.58338e-07
-13.6 -1.36447e-10 1.74374e-07
-13.3333 -1.45193e-10 1.89585e-07
-13.0667 -1.51753e-10 2.02426e-07
-12.8 -1.60741e-10 2.13617e-07
-12.5333 -1.66909e-10 2.21213e-07
-12.2667 -1.75383e-10 2.25771e-07
-12 -1.79938e-10 2.2477e-07
-11.7333 -1.86226e-10 2.18453e-07
-11.4667 -1.86755e-10 2.0345e-07
-11.2 -1.87637e-10 1.79431e-07
-10.9333 -1.79673e-10 1.41754e-07
-10.6667 -1.6922e-10 8.90826e-08
-10.4 -1.44693e-10 1.48314e-08
-10.1333 -1.12196e-10 -8.40803e-08
-9.86667 -5.66506e-11 -2.17274e-07
-9.6 1.71228e-11 -3.90822e-07
-9.33333 1.2956e-10 -6.19188e-07
-9.06667 2.79175e-10 -9.13574e-07
-8.8 4.94997e-10 -1.29631e-06
-8.53333 7.82867e-10 -1.78743e-06
-8.26667 1.1862e-09 -2.42228e-06
-8 1.7259e-09 -3.23614e-06
-7.73333 2.4704e-09 -4.28631e-06
-7.46667 3.47065e-09 -5.63459e-06
-7.2 4.84e-09 -7.37573e-06
-6.93333 6.68849e-09 -9.61793e-06
-6.66667 9.212e-09 -1.25205e-05
-6.4 1.26357e-08 -1.6273e-05
-6.13333 1.73086e-08 -2.11463e-05
-5.86667 2.36763e-08 -2.74708e-05
-5.6 3.23672e-08 -3.57079e-05
-5.33333 4.42287e-08 -4.64252e-05
-5.06667 6.03564e-08 -6.03937e-05
-4.8 8.22262e-08 -7.85467e-05
-4.53333 1.11475e-07 -0.000102094
-4.26667 1.50029e-07 -0.000132399
-4 1.98847e-07 -0.000171024
-3.73333 2.57123e-07 -0.00021926
-3.46667 3.16899e-07 -0.000277731
-3.2 3.57037e-07 -0.000344648
-2.93333 3.23545e-07 -0.000413661
-2.66667 1.07552e-07 -0.000468117
-2.4 -4.99881e-07 -0.000474084
-2.13333 -1.80192e-06 -0.000366152
-1.86667 -4.06899e-06 -3.72943e-05
-1.6 -6.79516e-06 0.000666604
-1.33333 -7.09819e-06 0.0018949
-1.06667 2.7545e-06 0.00363327
-0.8 2.88363e-05 0.00543122
-0.533333 5.12712e-05 0.00613212
-0.266667 -5.22132e-06 0.00457803
0 -0.000121404 4.03808e-06
0.266667 -1.22579e-05 -0.0107394
0.533333 0.000209124 -0.0249976
0.8 0.000134368 -0.0252972
1.06667 1.15736e-05 -0.015261
1.33333 -2.53867e-05 -0.00677243
1.6 -2.08605e-05 -0.00204343
1.86667 -1.09726e-05 0.000102629
2.13333 -4.36566e-06 0.000888612
2.4 -1.10876e-06 0.00105267
2.66667 2.2165e-07 0.00096575
2.93333 6.27014e-07 0.000802424
3.2 6.56702e-07 0.000634544
3.46667 5.57338e-07 0.00048898
3.73333 4.34999e-07 0.00037139
4 3.25196e-07 0.000280078
4.26667 2.38142e-07 0.000210491
4.53333 1.72321e-07 0.000158111
4.8 1.24137e-07 0.000118839
5.06667 8.92053e-08 8.94885e-05
5.33333 6.41275e-08 6.75159e-05
5.6 4.61201e-08 5.10633e-05
5.86667 3.32056e-08 3.86927e-05
6.13333 2.39253e-08 2.93802e-05
6.4 1.72348e-08 2.23329e-05
6.66667 1.24115e-08 1.69946e-05
6.93333 8.90962e-09 1.29272e-05
7.2 6.37959e-09 9.82843e-06
7.46667 4.52991e-09 7.45294e-06
7.73333 3.19488e-09 5.63502e-06
8 2.21287e-09 4.23471e-06
8.26667 1.50854e-09 3.16048e-06
8.53333 9.87895e-10 2.3306e-06
8.8 6.19933e-10 1.69424e-06
9.06667 3.46945e-10 1.20248e-06
9.33333 1.59531e-10 8.27097e-07
9.6 2.01849e-11 5.38024e-07
9.86667 -7.02416e-11 3.19737e-07
10.1333 -1.37517e-10 1.53243e-07
10.4 -1.76216e-10 3.02167e-08
10.6667 -2.04969e-10 -6.16985e-08
10.9333 -2.16609e-10 -1.26718e-07
11.2 -2.25215e-10 -1.73127e-07
11.4667 -2.23266e-10 -2.02795e-07
11.7333 -2.21789e-10 -2.21455e-07
12 -2.1356e-10 -2.29641e-07
12.2667 -2.07466e-10 -2.31448e-07
12.5333 -1.9685e-10 -2.26666e-07
12.8 -1.89031e-10 -2.18315e-07
13.0667 -1.78002e-10 -2.05781e-07
13.3333 -1.69886e-10 -1.91361e-07
13.6 -1.59309e-10 -1.7424e-07
13.8667 -1.51446e-10 -1.56224e-07
14.1333 -1.41486e-10 -1.36415e-07
14.4 -1.3382e-10 -1.16285e-07
14.6667 -1.24098e-10 -9.49329e-08
14.9333 -1.1602e-10 -7.36242e-08
15.2 -1.05559e-10 -5.15164e-08
15.4667 -9.57516e-11 -2.98028e-08
15.7333 -8.27111e-11 -7.79516e-09
16 -6.87681e-11 1.31917e-08
16.2667 -4.99429e-11 3.34987e-08
16.5333 -2.77697e-11 5.13129e-08
16.8 2.05145e-12 6.61875e-08
17.0667 3.87447e-11 7.50108e-08
17.3333 8.68226e-11 7.55765e-08
17.6 1.45446e-10 6.18613e-08
17.8667 2.17847e-10 2.82242e-08
18.1333 2.99835e-10 -3.63336e-08
18.4 3.88579e-10 -1.4059e-07
18.6667 4.69409e-10 -2.95452e-07
18.9333 5.28681e-10 -4.92202e-07
19.2 5.45492e-10 -6.97978e-07
19.4667 5.24863e-10 -8.17651e-07
19.7333 4.78514e-10 -7.29703e-07
20 4.07218e-10 -4.64321e-07
