-20 -20 1.00821e-08 -3.30459e-10
-19.7333 -20 9.75245e-09 4.72603e-09
-19.4667 -20 8.6004e-09 7.30269e-09
-19.2 -20 5.96312e-09 7.73978e-09
-18.9333 -20 4.18506e-09 7.10477e-09
-18.6667 -20 2.2065e-09 5.94837e-09
-18.4 -20 1.09642e-09 5.12819e-09
-18.1333 -20 -1.14631e-10 4.14824e-09
-17.8667 -20 -7.83507e-10 3.52525e-09
-17.6 -20 -1.55074e-09 2.80843e-09
-17.3333 -20 -1.96233e-09 2.35019e-09
-17.0667 -20 -2.46781e-09 1.82311e-09
-16.8 -20 -2.719e-09 1.47833e-09
-16.5333 -20 -3.05804e-09 1.08024e-09
-16.2667 -20 -3.20155e-09 8.13695e-10
-16 -20 -3.42694e-09 5.05964e-10
-15.7333 -20 -3.49234e-09 2.94799e-10
-15.4667 -20 -3.63447e-09 5.19898e-11
-15.2 -20 -3.63945e-09 -1.18366e-10
-14.9333 -20 -3.71674e-09 -3.12299e-10
-14.6667 -20 -3.671e-09 -4.52197e-10
-14.4 -20 -3.69369e-09 -6.08855e-10
-14.1333 -20 -3.60254e-09 -7.2497e-10
-13.8667 -20 -3.57623e-09 -8.51753e-10
-13.6 -20 -3.44052e-09 -9.49687e-10
-13.3333 -20 -3.36599e-09 -1.05271e-09
-13.0667 -20 -3.18407e-09 -1.1358e-09
-12.8 -20 -3.05941e-09 -1.21867e-09
-12.5333 -20 -2.82546e-09 -1.29051e-09
-12.2667 -20 -2.64404e-09 -1.35685e-09
-12 -20 -2.34978e-09 -1.41901e-09
-11.7333 -20 -2.10215e-09 -1.47036e-09
-11.4667 -20 -1.73371e-09 -1.52549e-09
-11.2 -20 -1.40388e-09 -1.56412e-09
-10.9333 -20 -9.43472e-10 -1.61247e-09
-10.6667 -20 -5.10994e-10 -1.63835e-09
-10.4 -20 6.81687e-11 -1.6819e-09
-10.1333 -20 6.34669e-10 -1.69621e-09
-9.86667 -20 1.36687e-09 -1.73364e-09
-9.6 -20 2.10734e-09 -1.73445e-09
-9.33333 -20 3.04279e-09 -1.76661e-09
-9.06667 -20 4.0169e-09 -1.75352e-09
-8.8 -20 5.22098e-09 -1.77601e-09
-8.53333 -20 6.50577e-09 -1.74351e-09
-8.26667 -20 8.07335e-09 -1.75402e-09
-8 -20 9.78279e-09 -1.69771e-09
-7.73333 -20 1.18393e-08 -1.68421e-09
-7.46667 -20 1.41221e-08 -1.58972e-09
-7.2 -20 1.68478e-08 -1.53955e-09
-6.93333 -20 1.99205e-08 -1.39027e-09
-6.66667 -20 2.35525e-08 -1.26953e-09
-6.4 -20 2.7694e-08 -1.02519e-09
-6.13333 -20 3.256e-08 -7.86447e-10
-5.86667 -20 3.81554e-08 -3.89049e-10
-5.6 -20 4.4656e-08 7.11312e-11
-5.33333 -20 5.2151e-08 7.4695e-10
-5.06667 -20 6.07509e-08 1.59811e-09
-4.8 -20 7.06213e-08 2.76094e-09
-4.53333 -20 8.16483e-08 4.34794e-09
-4.26667 -20 9.40714e-08 6.43067e-09
-4 -20 1.07262e-07 9.38166e-09
-3.73333 -20 1.21403e-07 1.31866e-08
-3.46667 -20 1.34552e-07 1.87895e-08
-3.2 -20 1.46609e-07 2.60157e-08
-2.93333 -20 1.52417e-07 3.69547e-08
-2.66667 -20 1.51243e-07 5.12652e-08
-2.4 -20 1.31088e-07 7.38199e-08
-2.13333 -20 9.04508e-08 1.04061e-07
-1.86667 -20 3.99841e-09 1.5387e-07
-1.6 -20 -1.23764e-07 2.20541e-07
-1.33333 -20 -3.18901e-07 3.25278e-07
-1.06667 -20 -5.36754e-07 4.4848e-07
-0.8 -20 -6.9291e-07 5.74402e-07
-0.533333 -20 -6.63801e-07 6.37405e-07
-0.266667 -20 -1.41359e-07 3.85265e-07
0 -20 1.45065e-07 -2.45349e-09
0.266667 -20 -1.34591e-07 -3.81055e-07
0.533333 -20 -6.63734e-07 -6.27741e-07
0.8 -20 -6.96105e-07 -5.6604e-07
1.06667 -20 -5.38393e-07 -4.41909e-07
1.33333 -20 -3.18917e-07 -3.21396e-07
1.6 -20 -1.23873e-07 -2.19495e-07
1.86667 -20 3.59525e-09 -1.5462e-07
2.13333 -20 8.98105e-08 -1.05536e-07
2.4 -20 1.30499e-07 -7.51317e-08
2.66667 -20 1.50736e-07 -5.22213e-08
2.93333 -20 1.52046e-07 -3.75395e-08
3.2 -20 1.46334e-07 -2.63347e-08
3.46667 -20 1.34362e-07 -1.89472e-08
3.73333 -20 1.21265e-07 -1.3254e-08
4 -20 1.07165e-07 -9.40653e-09
4.26667 -20 9.39989e-08 -6.43701e-09
4.53333 -20 8.15955e-08 -4.34798e-09
4.8 -20 7.05793e-08 -2.76061e-09
5.06667 -20 6.07187e-08 -1.59836e-09
5.33333 -20 5.2124e-08 -7.48574e-10
5.6 -20 4.46342e-08 -7.3e-11
5.86667 -20 3.81363e-08 3.86754e-10
6.13333 -20 3.25441e-08 7.8459e-10
6.4 -20 2.76797e-08 1.02365e-09
6.66667 -20 2.35402e-08 1.26878e-09
6.93333 -20 1.99094e-08 1.39004e-09
7.2 -20 1.68381e-08 1.53998e-09
7.46667 -20 1.41132e-08 1.5906e-09
7.73333 -20 1.18315e-08 1.68561e-09
8 -20 9.77557e-09 1.69942e-09
8.26667 -20 8.06695e-09 1.75603e-09
8.53333 -20 6.49983e-09 1.74569e-09
8.8 -20 5.21566e-09 1.77839e-09
9.06667 -20 4.01194e-09 1.75597e-09
9.33333 -20 3.03831e-09 1.76913e-09
9.6 -20 2.10314e-09 1.73698e-09
9.86667 -20 1.36304e-09 1.73621e-09
10.1333 -20 6.31054e-10 1.69877e-09
10.4 -20 6.48414e-11 1.68444e-09
10.6667 -20 -5.14144e-10 1.64084e-09
10.9333 -20 -9.464e-10 1.61496e-09
11.2 -20 -1.40667e-09 1.56656e-09
11.4667 -20 -1.73632e-09 1.52789e-09
11.7333 -20 -2.10464e-09 1.47271e-09
12 -20 -2.35213e-09 1.42133e-09
12.2667 -20 -2.64629e-09 1.35912e-09
12.5333 -20 -2.82761e-09 1.29274e-09
12.8 -20 -3.06148e-09 1.22085e-09
13.0667 -20 -3.18605e-09 1.13795e-09
13.3333 -20 -3.3679e-09 1.05482e-09
13.6 -20 -3.44236e-09 9.51759e-10
13.8667 -20 -3.57802e-09 8.53769e-10
14.1333 -20 -3.60428e-09 7.26965e-10
14.4 -20 -3.69537e-09 6.10811e-10
14.6667 -20 -3.67264e-09 4.54122e-10
14.9333 -20 -3.71834e-09 3.14178e-10
15.2 -20 -3.64101e-09 1.20223e-10
15.4667 -20 -3.636e-09 -5.01691e-11
15.7333 -20 -3.49383e-09 -2.9301e-10
16 -20 -3.42841e-09 -5.0422e-10
16.2667 -20 -3.20302e-09 -8.11977e-10
16.5333 -20 -3.05949e-09 -1.07856e-09
16.8 -20 -2.72046e-09 -1.47669e-09
17.0667 -20 -2.46925e-09 -1.82152e-09
17.3333 -20 -1.96378e-09 -2.34865e-09
17.6 -20 -1.55214e-09 -2.80695e-09
17.8667 -20 -7.84772e-10 -3.52386e-09
18.1333 -20 -1.15668e-10 -4.14698e-09
18.4 -20 1.09585e-09 -5.1271e-09
18.6667 -20 2.20631e-09 -5.94743e-09
18.9333 -20 4.18507e-09 -7.10407e-09
19.2 -20 5.96298e-09 -7.73943e-09
19.4667 -20 8.60079e-09 -7.30346e-09
19.7333 -20 9.75524e-09 -4.72803e-09
20 -20 1.00856e-08 3.28622e-10
