-20 -20 1.32974e-07 4.6984e-07
-19.7333 -20 1.34174e-07 8.02509e-07
-19.4667 -20 1.35451e-07 1.02287e-06
-19.2 -20 1.36946e-07 1.09048e-06
-18.9333 -20 1.38732e-07 1.04512e-06
-18.6667 -20 1.40681e-07 9.3434e-07
-18.4 -20 1.4277e-07 8.48629e-07
-18.1333 -20 1.44986e-07 7.36787e-07
-17.8667 -20 1.47362e-07 6.65189e-07
-17.6 -20 1.49882e-07 5.77192e-07
-17.3333 -20 1.52594e-07 5.22886e-07
-17.0667 -20 1.55476e-07 4.55642e-07
-16.8 -20 1.58577e-07 4.14809e-07
-16.5333 -20 1.61869e-07 3.62952e-07
-16.2667 -20 1.65408e-07 3.32165e-07
-16 -20 1.69162e-07 2.91714e-07
-15.7333 -20 1.732e-07 2.68525e-07
-15.4667 -20 1.7748e-07 2.3671e-07
-15.2 -20 1.82088e-07 2.19514e-07
-14.9333 -20 1.86974e-07 1.94523e-07
-14.6667 -20 1.92244e-07 1.82191e-07
-14.4 -20 1.97832e-07 1.62735e-07
-14.1333 -20 2.03876e-07 1.54548e-07
-13.8667 -20 2.10302e-07 1.39759e-07
-13.6 -20 2.17314e-07 1.35073e-07
-13.3333 -20 2.24785e-07 1.24268e-07
-13.0667 -20 2.32811e-07 1.23176e-07
-12.8 -20 2.41383e-07 1.16411e-07
-12.5333 -20 2.50766e-07 1.18475e-07
-12.2667 -20 2.60772e-07 1.15189e-07
-12 -20 2.7173e-07 1.20414e-07
-11.7333 -20 2.83434e-07 1.20636e-07
-11.4667 -20 2.96303e-07 1.29064e-07
-11.2 -20 3.10078e-07 1.32798e-07
-10.9333 -20 3.2529e-07 1.44631e-07
-10.6667 -20 3.41615e-07 1.5206e-07
-10.4 -20 3.59726e-07 1.67451e-07
-10.1333 -20 3.79214e-07 1.78725e-07
-9.86667 -20 4.00939e-07 1.98008e-07
-9.6 -20 4.24385e-07 2.13445e-07
-9.33333 -20 4.50658e-07 2.36817e-07
-9.06667 -20 4.79098e-07 2.56607e-07
-8.8 -20 5.11138e-07 2.84394e-07
-8.53333 -20 5.45933e-07 3.08809e-07
-8.26667 -20 5.85348e-07 3.40952e-07
-8 -20 6.28289e-07 3.69853e-07
-7.73333 -20 6.77198e-07 4.06168e-07
-7.46667 -20 7.30649e-07 4.39143e-07
-7.2 -20 7.91845e-07 4.78307e-07
-6.93333 -20 8.589e-07 5.13648e-07
-6.66667 -20 9.36013e-07 5.53242e-07
-6.4 -20 1.02067e-06 5.87682e-07
-6.13333 -20 1.11828e-06 6.21796e-07
-5.86667 -20 1.22547e-06 6.47957e-07
-5.6 -20 1.34901e-06 6.66219e-07
-5.33333 -20 1.48425e-06 6.70809e-07
-5.06667 -20 1.63903e-06 6.52012e-07
-4.8 -20 1.80689e-06 6.08809e-07
-4.53333 -20 1.99509e-06 5.16503e-07
-4.26667 -20 2.19439e-06 3.79924e-07
-4 -20 2.40592e-06 1.4558e-07
-3.73333 -20 2.61627e-06 -1.67269e-07
-3.46667 -20 2.80468e-06 -6.53918e-07
-3.2 -20 2.95129e-06 -1.2733e-06
-2.93333 -20 2.96975e-06 -2.18878e-06
-2.66667 -20 2.8335e-06 -3.30169e-06
-2.4 -20 2.28378e-06 -4.82119e-06
-2.13333 -20 1.30492e-06 -6.53281e-06
-1.86667 -20 -7.48528e-07 -8.5353e-06
-1.6 -20 -3.73481e-06 -1.03218e-05
-1.33333 -20 -8.68421e-06 -1.10845e-05
-1.06667 -20 -1.46299e-05 -1.00488e-05
-0.8 -20 -2.07891e-05 -4.54658e-06
-0.533333 -20 -2.45765e-05 4.162e-06
-0.266667 -20 -1.51431e-05 1.59944e-05
0 -20 9.10298e-10 2.1766e-05
0.266667 -20 1.51449e-05 1.59756e-05
0.533333 -20 2.45708e-05 4.11684e-06
0.8 -20 2.07608e-05 -4.59181e-06
1.06667 -20 1.45916e-05 -1.00731e-05
1.33333 -20 8.65455e-06 -1.1088e-05
1.6 -20 3.7155e-06 -1.03103e-05
1.86667 -20 7.38636e-07 -8.51797e-06
2.13333 -20 -1.30826e-06 -6.51353e-06
2.4 -20 -2.28326e-06 -4.80421e-06
2.66667 -20 -2.83073e-06 -3.28758e-06
2.93333 -20 -2.96616e-06 -2.17793e-06
3.2 -20 -2.94745e-06 -1.26518e-06
3.46667 -20 -2.8011e-06 -6.48019e-07
3.73333 -20 -2.61304e-06 -1.63003e-07
4 -20 -2.40314e-06 1.4869e-07
4.26667 -20 -2.19201e-06 3.82244e-07
4.53333 -20 -1.9931e-06 5.18288e-07
4.8 -20 -1.8052e-06 6.10233e-07
5.06667 -20 -1.63761e-06 6.53189e-07
5.33333 -20 -1.48302e-06 6.71809e-07
5.6 -20 -1.34795e-06 6.67071e-07
5.86667 -20 -1.22453e-06 6.48684e-07
6.13333 -20 -1.11745e-06 6.22408e-07
6.4 -20 -1.01991e-06 5.88184e-07
6.66667 -20 -9.35329e-07 5.53629e-07
6.93333 -20 -8.58265e-07 5.13922e-07
7.2 -20 -7.91255e-07 4.7847e-07
7.46667 -20 -7.30096e-07 4.39198e-07
7.73333 -20 -6.76683e-07 4.06112e-07
8 -20 -6.27799e-07 3.69689e-07
8.26667 -20 -5.84887e-07 3.40686e-07
8.53333 -20 -5.45496e-07 3.08446e-07
8.8 -20 -5.1073e-07 2.83935e-07
9.06667 -20 -4.7871e-07 2.56056e-07
9.33333 -20 -4.50295e-07 2.36181e-07
9.6 -20 -4.24044e-07 2.12729e-07
9.86667 -20 -4.00625e-07 1.97213e-07
10.1333 -20 -3.7892e-07 1.77855e-07
10.4 -20 -3.59458e-07 1.66511e-07
10.6667 -20 -3.4137e-07 1.51053e-07
10.9333 -20 -3.25076e-07 1.43557e-07
11.2 -20 -3.09889e-07 1.31658e-07
11.4667 -20 -2.96147e-07 1.27861e-07
11.7333 -20 -2.83309e-07 1.19369e-07
12 -20 -2.71648e-07 1.1908e-07
12.2667 -20 -2.60727e-07 1.13785e-07
12.5333 -20 -2.50767e-07 1.17008e-07
12.8 -20 -2.41408e-07 1.14906e-07
13.0667 -20 -2.32804e-07 1.21732e-07
13.3333 -20 -2.24667e-07 1.22981e-07
13.6 -20 -2.1731e-07 1.33666e-07
13.8667 -20 -2.10392e-07 1.38269e-07
14.1333 -20 -2.03989e-07 1.53092e-07
14.4 -20 -1.97938e-07 1.61326e-07
14.6667 -20 -1.92346e-07 1.80844e-07
14.9333 -20 -1.87067e-07 1.93224e-07
15.2 -20 -1.82181e-07 2.18275e-07
15.4667 -20 -1.77562e-07 2.35516e-07
15.7333 -20 -1.73271e-07 2.67402e-07
16 -20 -1.69216e-07 2.90646e-07
16.2667 -20 -1.65431e-07 3.31183e-07
16.5333 -20 -1.6185e-07 3.62033e-07
16.8 -20 -1.58481e-07 4.13993e-07
17.0667 -20 -1.55297e-07 4.54897e-07
17.3333 -20 -1.52266e-07 5.22238e-07
17.6 -20 -1.49406e-07 5.76593e-07
17.8667 -20 -1.46642e-07 6.64632e-07
18.1333 -20 -1.44058e-07 7.36212e-07
18.4 -20 -1.41551e-07 8.47964e-07
18.6667 -20 -1.39264e-07 9.33548e-07
18.9333 -20 -1.37139e-07 1.04414e-06
19.2 -20 -1.35308e-07 1.08942e-06
19.4667 -20 -1.33852e-07 1.02191e-06
19.7333 -20 -1.32597e-07 8.01758e-07
20 -20 -1.31389e-07 4.69224e-07
