-20 -0.0486647 0.00237389
-19.84 -0.0490457 0.00241129
-19.68 -0.0494326 0.00244959
-19.52 -0.0498257 0.0024888
-19.36 -0.0502251 0.00252896
-19.2 -0.050631 0.0025701
-19.04 -0.0510434 0.00261225
-18.88 -0.0514626 0.00265545
-18.72 -0.0518887 0.00269972
-18.56 -0.0523219 0.00274511
-18.4 -0.0527623 0.00279166
-18.24 -0.0532103 0.0028394
-18.08 -0.0536659 0.00288837
-17.92 -0.0541293 0.00293861
-17.76 -0.0546008 0.00299018
-17.6 -0.0550805 0.00304312
-17.44 -0.0555687 0.00309748
-17.28 -0.0560656 0.0031533
-17.12 -0.0565715 0.00321064
-16.96 -0.0570865 0.00326956
-16.8 -0.057611 0.00333011
-16.64 -0.0581451 0.00339237
-16.48 -0.0586893 0.00345638
-16.32 -0.0592436 0.00352221
-16.16 -0.0598085 0.00358995
-16 -0.0603843 0.00365965
-15.84 -0.0609712 0.0037314
-15.68 -0.0615695 0.00380529
-15.52 -0.0621797 0.00388138
-15.36 -0.062802 0.00395978
-15.2 -0.0634369 0.00404057
-15.04 -0.0640847 0.00412385
-14.88 -0.0647458 0.00420974
-14.72 -0.0654206 0.00429833
-14.56 -0.0661096 0.00438975
-14.4 -0.0668131 0.0044841
-14.24 -0.0675318 0.00458153
-14.08 -0.068266 0.00468217
-13.92 -0.0690162 0.00478615
-13.76 -0.0697831 0.00489362
-13.6 -0.070567 0.00500475
-13.44 -0.0713687 0.00511971
-13.28 -0.0721888 0.00523866
-13.12 -0.0730278 0.0053618
-12.96 -0.0738864 0.00548933
-12.8 -0.0747653 0.00562145
-12.64 -0.0756653 0.00575839
-12.48 -0.076587 0.00590039
-12.32 -0.0775314 0.00604769
-12.16 -0.0784992 0.00620057
-12 -0.0794913 0.0063593
-11.84 -0.0805086 0.0065242
-11.68 -0.0815521 0.00669557
-11.52 -0.0826228 0.00687378
-11.36 -0.0837218 0.00705918
-11.2 -0.0848502 0.00725216
-11.04 -0.0860093 0.00745314
-10.88 -0.0872001 0.00766258
-10.72 -0.0884242 0.00788094
-10.56 -0.0896828 0.00810875
-10.4 -0.0909774 0.00834655
-10.24 -0.0923096 0.00859493
-10.08 -0.093681 0.00885454
-9.92 -0.0950935 0.00912605
-9.76 -0.0965487 0.00941021
-9.6 -0.0980487 0.0097078
-9.44 -0.0995956 0.0100197
-9.28 -0.101192 0.0103468
-9.12 -0.102839 0.0106901
-8.96 -0.10454 0.0110507
-8.8 -0.106298 0.0114299
-8.64 -0.108115 0.0118288
-8.48 -0.109995 0.0122488
-8.32 -0.11194 0.0126916
-8.16 -0.113954 0.0131587
-8 -0.116041 0.0136519
-7.84 -0.118205 0.0141732
-7.68 -0.120449 0.0147249
-7.52 -0.122779 0.0153092
-7.36 -0.1252 0.0159287
-7.2 -0.127716 0.0165865
-7.04 -0.130333 0.0172856
-6.88 -0.133058 0.0180296
-6.72 -0.135897 0.0188223
-6.56 -0.138857 0.0196682
-6.4 -0.141946 0.0205719
-6.24 -0.145172 0.0215389
-6.08 -0.148545 0.0225752
-5.92 -0.152074 0.0236875
-5.76 -0.155769 0.0248833
-5.6 -0.159644 0.0261712
-5.44 -0.16371 0.0275607
-5.28 -0.167982 0.0290627
-5.12 -0.172475 0.0306895
-4.96 -0.177206 0.0324553
-4.8 -0.182193 0.0343761
-4.64 -0.187457 0.0364703
-4.48 -0.19302 0.0387591
-4.32 -0.198907 0.0412671
-4.16 -0.205145 0.0440226
-4 -0.211765 0.0470588
-3.84 -0.218799 0.0504144
-3.68 -0.226284 0.0541348
-3.52 -0.23426 0.0582737
-3.36 -0.242773 0.0628947
-3.2 -0.251872 0.0680735
-3.04 -0.26161 0.0739011
-2.88 -0.272045 0.0804868
-2.72 -0.283241 0.0879631
-2.56 -0.295264 0.0964916
-2.4 -0.308183 0.10627
-2.24 -0.322065 0.117542
-2.08 -0.336973 0.13061
-1.92 -0.352955 0.145849
-1.76 -0.370031 0.16373
-1.6 -0.38817 0.184843
-1.44 -0.407255 0.209925
-1.28 -0.427022 0.2399
-1.12 -0.446971 0.275908
-0.96 -0.466215 0.319326
-0.8 -0.483271 0.371747
-0.64 -0.495738 0.434858
-0.48 -0.499898 0.5101
-0.32 -0.490313 0.597943
-0.16 -0.459738 0.696573
0 -0.4 0.8
0.16 -0.304769 0.896379
0.32 -0.174351 0.968617
0.48 -0.019992 0.9996
0.64 0.137309 0.980777
0.8 0.275229 0.917431
0.96 0.379663 0.825355
1.12 0.447847 0.722335
1.28 0.484954 0.621736
1.44 0.499044 0.530898
1.6 0.497738 0.452489
1.76 0.486938 0.386458
1.92 0.47076 0.331521
2.08 0.451893 0.286008
2.24 0.432019 0.248287
2.4 0.412148 0.21692
2.56 0.39286 0.190709
2.72 0.374469 0.16868
2.88 0.357121 0.150051
3.04 0.340866 0.134199
3.2 0.325694 0.120627
3.36 0.31156 0.108937
3.52 0.298407 0.0988103
3.68 0.286167 0.0899896
3.84 0.27477 0.0822666
4 0.264151 0.0754717
4.16 0.254244 0.0694657
4.32 0.244991 0.0641338
4.48 0.236336 0.059381
4.64 0.22823 0.055128
4.8 0.220626 0.0513084
4.96 0.213483 0.0478661
5.12 0.206763 0.0447539
5.28 0.200433 0.0419315
5.44 0.194461 0.0393645
5.6 0.188819 0.0370233
5.76 0.183482 0.0348826
5.92 0.178428 0.0329203
6.08 0.173635 0.0311174
6.24 0.169084 0.0294572
6.4 0.164758 0.0279252
6.56 0.160642 0.0265086
6.72 0.156721 0.0251963
6.88 0.152981 0.0239783
7.04 0.149412 0.0228459
7.2 0.146001 0.0217912
7.36 0.142739 0.0208075
7.52 0.139617 0.0198885
7.68 0.136626 0.0190286
7.84 0.133757 0.018223
8 0.131004 0.0174672
8.16 0.128361 0.0167573
8.32 0.12582 0.0160895
8.48 0.123376 0.0154606
8.64 0.121024 0.0148678
8.8 0.118758 0.0143082
8.96 0.116575 0.0137795
9.12 0.114469 0.0132794
9.28 0.112437 0.012806
9.44 0.110475 0.0123573
9.6 0.108579 0.0119318
9.76 0.106746 0.0115277
9.92 0.104974 0.0111437
10.08 0.103259 0.0107786
10.24 0.101598 0.0104311
10.4 0.0999899 0.0101
10.56 0.098431 0.00978439
10.72 0.0969194 0.00948331
10.88 0.0954532 0.00919588
11.04 0.0940302 0.00892128
11.2 0.0926487 0.00865876
11.36 0.0913068 0.00840763
11.52 0.090003 0.00816724
11.68 0.0887355 0.00793699
11.84 0.087503 0.00771631
12 0.0863039 0.00750469
12.16 0.0851371 0.00730164
12.32 0.0840011 0.00710669
12.48 0.0828949 0.00691944
12.64 0.0818172 0.00673947
12.8 0.080767 0.00656642
12.96 0.0797432 0.00639993
13.12 0.0787449 0.00623969
13.28 0.0777711 0.00608538
13.44 0.076821 0.00593671
13.6 0.0758936 0.00579341
13.76 0.0749883 0.00565523
13.92 0.0741042 0.00552192
14.08 0.0732406 0.00539327
14.24 0.0723967 0.00526905
14.4 0.071572 0.00514907
14.56 0.0707658 0.00503313
14.72 0.0699774 0.00492106
14.88 0.0692064 0.00481268
15.04 0.068452 0.00470784
15.2 0.0677139 0.00460638
15.36 0.0669914 0.00450817
15.52 0.0662841 0.00441305
15.68 0.0655915 0.00432092
15.84 0.0649132 0.00423163
16 0.0642487 0.00414508
16.16 0.0635976 0.00406115
16.32 0.0629596 0.00397974
16.48 0.0623341 0.00390076
16.64 0.0617209 0.0038241
16.8 0.0611197 0.00374967
16.96 0.0605299 0.0036774
17.12 0.0599514 0.00360719
17.28 0.0593839 0.00353897
17.44 0.0588269 0.00347266
17.6 0.0582802 0.0034082
17.76 0.0577436 0.00334552
17.92 0.0572167 0.00328454
18.08 0.0566994 0.00322522
18.24 0.0561912 0.00316749
18.4 0.0556921 0.00311129
18.56 0.0552017 0.00305657
18.72 0.0547199 0.00300329
18.88 0.0542464 0.00295138
19.04 0.053781 0.00290081
19.2 0.0533234 0.00285152
19.36 0.0528736 0.00280348
19.52 0.0524313 0.00275664
19.68 0.0519963 0.00271096
19.84 0.0515684 0.00266641
20 0.0511475 0.00262295
