-20 3.10099e-18 -5.30376e-05
-19.84 3.21364e-18 -4.46666e-05
-19.68 3.19903e-18 -3.11404e-05
-19.52 3.25441e-18 -1.9888e-05
-19.36 3.43906e-18 -1.19573e-05
-19.2 3.35785e-18 -7.29524e-06
-19.04 3.48353e-18 -5.3074e-06
-18.88 3.53689e-18 -5.28669e-06
-18.72 3.66855e-18 -6.61512e-06
-18.56 3.60169e-18 -8.82048e-06
-18.4 3.72038e-18 -1.15656e-05
-18.24 3.71233e-18 -1.46222e-05
-18.08 3.85019e-18 -1.78403e-05
-17.92 3.9404e-18 -2.11261e-05
-17.76 3.99164e-18 -2.44231e-05
-17.6 4.10006e-18 -2.77009e-05
-17.44 4.21208e-18 -3.0945e-05
-17.28 4.24914e-18 -3.41524e-05
-17.12 4.32156e-18 -3.73259e-05
-16.96 4.48758e-18 -4.04731e-05
-16.8 4.46513e-18 -4.36031e-05
-16.64 4.6536e-18 -4.67267e-05
-16.48 4.63623e-18 -4.98551e-05
-16.32 4.74677e-18 -5.30014e-05
-16.16 4.91745e-18 -5.61857e-05
-16 5.00215e-18 -5.94436e-05
-15.84 5.10253e-18 -6.28539e-05
-15.68 5.07203e-18 -6.62599e-05
-15.52 5.1885e-18 -6.97475e-05
-15.36 5.40915e-18 -7.33296e-05
-15.2 5.44642e-18 -7.70205e-05
-15.04 5.50317e-18 -8.08344e-05
-14.88 5.74204e-18 -8.47859e-05
-14.72 5.7395e-18 -8.88893e-05
-14.56 5.97074e-18 -9.31592e-05
-14.4 5.86994e-18 -9.76106e-05
-14.24 6.29345e-18 -0.000102259
-14.08 6.24856e-18 -0.000107121
-13.92 6.53147e-18 -0.000112212
-13.76 6.71528e-18 -0.000117552
-13.6 6.68648e-18 -0.000123158
-13.44 6.73561e-18 -0.000129051
-13.28 6.9948e-18 -0.000135252
-13.12 7.32683e-18 -0.000141783
-12.96 7.49455e-18 -0.00014867
-12.8 7.55215e-18 -0.000155936
-12.64 7.84014e-18 -0.000163612
-12.48 8.26027e-18 -0.000171725
-12.32 8.25179e-18 -0.000180309
-12.16 8.37207e-18 -0.000189398
-12 8.65498e-18 -0.00019903
-11.84 8.79898e-18 -0.000209266
-11.68 8.94806e-18 -0.000220105
-11.52 9.01921e-18 -0.000231618
-11.36 9.48338e-18 -0.000243855
-11.2 9.69345e-18 -0.00025687
-11.04 1.02355e-17 -0.000270723
-10.88 1.04964e-17 -0.000285479
-10.72 1.07844e-17 -0.000301207
-10.56 1.09064e-17 -0.000317984
-10.4 1.14722e-17 -0.000335891
-10.24 1.17839e-17 -0.000355019
-10.08 1.18314e-17 -0.000375465
-9.92 1.23328e-17 -0.000397334
-9.76 1.24819e-17 -0.000420741
-9.6 1.3234e-17 -0.00044581
-9.44 1.33086e-17 -0.000472678
-9.28 1.38913e-17 -0.000501493
-9.12 1.46638e-17 -0.000532413
-8.96 1.49755e-17 -0.000565612
-8.8 1.51856e-17 -0.000601279
-8.64 1.61749e-17 -0.000639619
-8.48 1.65883e-17 -0.000680852
-8.32 1.68864e-17 -0.000725218
-8.16 1.8201e-17 -0.000772984
-8 1.83366e-17 -0.000824452
-7.84 1.94072e-17 -0.000879985
-7.68 2.03694e-17 -0.000939788
-7.52 2.10064e-17 -0.00100424
-7.36 2.14808e-17 -0.00107371
-7.2 2.25921e-17 -0.00114858
-7.04 2.39609e-17 -0.00122925
-6.88 2.43945e-17 -0.00131614
-6.72 2.59395e-17 -0.00140967
-6.56 2.64274e-17 -0.00151025
-6.4 2.80266e-17 -0.00161826
-6.24 2.86771e-17 -0.00173405
-6.08 3.15232e-17 -0.00185791
-5.92 3.22821e-17 -0.00198998
-5.76 3.47487e-17 -0.00213028
-5.6 3.52366e-17 -0.00227856
-5.44 3.84892e-17 -0.00243425
-5.28 4.10913e-17 -0.0025963
-5.12 4.19044e-17 -0.00276303
-4.96 4.49402e-17 -0.00293185
-4.8 4.56991e-17 -0.003099
-4.64 5.05238e-17 -0.00325909
-4.48 5.55112e-17 -0.00340455
-4.32 5.83301e-17 -0.00352491
-4.16 6.22332e-17 -0.00360577
-4 6.657e-17 -0.0036276
-3.84 7.07984e-17 -0.00356405
-3.68 7.88215e-17 -0.00337959
-3.52 8.45678e-17 -0.00302709
-3.36 8.99888e-17 -0.00244418
-3.2 1.02674e-16 -0.00154922
-3.04 1.10711e-16 -0.000236596
-2.88 1.15305e-16 0.0016281
-2.72 1.31188e-16 0.00421216
-2.56 1.44849e-16 0.00771728
-2.4 1.59595e-16 0.0123755
-2.24 1.78677e-16 0.018435
-2.08 2.01228e-16 0.0261291
-1.92 2.13371e-16 0.0356237
-1.76 2.42861e-16 0.0469379
-1.6 2.84495e-16 0.0598457
-1.44 2.98372e-16 0.0737763
-1.28 3.46945e-16 0.0877449
-1.12 3.67761e-16 0.100343
-0.96 4.30211e-16 0.109795
-0.8 4.92661e-16 0.114064
-0.64 5.82867e-16 0.110998
-0.48 6.66134e-16 0.0986321
-0.32 7.97973e-16 0.0759085
-0.16 1.01655e-15 0.0431927
0 1.1432e-15 6.81019e-16
0.16 1.25941e-15 -0.0571306
0.32 1.35308e-15 -0.126206
0.48 1.26158e-15 -0.192175
0.64 1.16573e-15 -0.238981
0.8 1.06859e-15 -0.261253
0.96 9.85323e-16 -0.261659
1.12 9.15934e-16 -0.245373
1.28 8.32667e-16 -0.217744
1.44 7.07767e-16 -0.183837
1.6 7.07767e-16 -0.148192
1.76 5.89806e-16 -0.114406
1.92 5.34295e-16 -0.0847991
2.08 4.64906e-16 -0.0604002
2.24 4.19803e-16 -0.0412378
2.4 3.52149e-16 -0.0267453
2.56 3.09648e-16 -0.0161099
2.72 2.56305e-16 -0.0085
2.88 2.30285e-16 -0.00318048
3.04 2.09956e-16 0.00044821
3.2 1.86808e-16 0.00285153
3.36 1.6675e-16 0.00437954
3.52 1.47451e-16 0.00529015
3.68 1.34658e-16 0.00577073
3.84 1.18395e-16 0.00595603
4 1.09504e-16 0.00594221
4.16 1.01481e-16 0.00579769
4.32 9.17235e-17 0.00557048
4.48 8.26162e-17 0.00529424
4.64 7.89299e-17 0.00499234
4.8 7.05816e-17 0.00468076
4.96 7.01479e-17 0.00437029
5.12 6.23416e-17 0.00406798
5.28 5.81132e-17 0.00377831
5.44 5.46438e-17 0.00350389
5.6 5.12828e-17 0.00324608
5.76 4.83012e-17 0.00300535
5.92 4.53197e-17 0.00278162
6.08 4.35849e-17 0.00257437
6.24 4.03865e-17 0.00238289
6.4 3.91939e-17 0.0022063
6.56 3.60497e-17 0.00204364
6.72 3.45047e-17 0.00189396
6.88 3.37187e-17 0.00175629
7.04 3.18213e-17 0.0016297
7.2 2.97613e-17 0.00151331
7.36 2.8379e-17 0.00140627
7.52 2.74845e-17 0.00130782
7.68 2.56956e-17 0.00121722
7.84 2.45572e-17 0.00113381
8 2.37305e-17 0.00105693
8.16 2.27954e-17 0.00098617
8.32 2.16434e-17 0.000920941
8.48 2.13723e-17 0.000860742
8.64 2.01662e-17 0.000805138
8.8 1.88651e-17 0.000753741
8.96 1.91904e-17 0.000706196
9.12 1.80926e-17 0.000662181
9.28 1.73879e-17 0.000621401
9.44 1.66764e-17 0.000583588
9.6 1.60733e-17 0.0005485
9.76 1.58971e-17 0.000515912
9.92 1.49688e-17 0.000485622
10.08 1.44334e-17 0.000457445
10.24 1.43589e-17 0.000431212
10.4 1.35932e-17 0.000406769
10.56 1.32408e-17 0.000383975
10.72 1.30816e-17 0.000362701
10.88 1.23565e-17 0.00034283
11.04 1.17229e-17 0.000324254
11.2 1.15908e-17 0.000306875
11.36 1.12757e-17 0.000290602
11.52 1.12486e-17 0.000275352
11.68 1.06218e-17 0.00026105
11.84 1.06286e-17 0.000247626
12 1.00221e-17 0.000234989
12.16 9.85608e-18 0.000223132
12.32 9.59858e-18 0.000211975
12.48 9.30212e-18 0.000201468
12.64 9.01412e-18 0.000191563
12.8 9.192e-18 0.000182219
12.96 8.5923e-18 0.000173396
13.12 8.5635e-18 0.000165056
13.28 8.1942e-18 0.000157166
13.44 8.01124e-18 0.000149694
13.6 7.75882e-18 0.000142611
13.76 7.6233e-18 0.000135888
13.92 7.52504e-18 0.000129501
14.08 7.41408e-18 0.000123424
14.24 7.03291e-18 0.000117636
14.4 6.94398e-18 0.000112115
14.56 6.66869e-18 0.00010684
14.72 6.58568e-18 0.000101792
14.88 6.31971e-18 9.69526e-05
15.04 6.29854e-18 9.23029e-05
15.2 6.15454e-18 8.78256e-05
15.36 6.17572e-18 8.35032e-05
15.52 5.89111e-18 7.93182e-05
15.68 5.92923e-18 7.52537e-05
15.84 5.54383e-18 7.12941e-05
16 5.62726e-18 6.73413e-05
16.16 5.2444e-18 6.35722e-05
16.32 5.3596e-18 5.9897e-05
16.48 5.39899e-18 5.62747e-05
16.64 5.2029e-18 5.26823e-05
16.8 5.0318e-18 4.91047e-05
16.96 4.90474e-18 4.55289e-05
17.12 4.82174e-18 4.19426e-05
17.28 4.64047e-18 3.83352e-05
17.44 4.65783e-18 3.46983e-05
17.6 4.63793e-18 3.10285e-05
17.76 4.48673e-18 2.7329e-05
17.92 4.3798e-18 2.3616e-05
18.08 4.34179e-18 1.99233e-05
18.24 4.22066e-18 1.63137e-05
18.4 4.17365e-18 1.28912e-05
18.56 4.17603e-18 9.82224e-06
18.72 4.04961e-18 7.35962e-06
18.88 3.93849e-18 5.87634e-06
19.04 4.05125e-18 5.89409e-06
19.2 3.89296e-18 8.09455e-06
19.36 3.80762e-18 1.3256e-05
19.52 3.70535e-18 2.20293e-05
19.68 3.69963e-18 3.44645e-05
19.84 3.5478e-18 4.93946e-05
20 3.59565e-18 5.86048e-05
