-20 -0.0486823 0.00132722
-19.84 -0.0490593 0.00132296
-19.68 -0.0494443 0.00132543
-19.52 -0.049847 0.00133741
-19.36 -0.0502618 0.00135706
-19.2 -0.0506845 0.00138165
-19.04 -0.0511128 0.00140909
-18.88 -0.0515461 0.00143807
-18.72 -0.0519843 0.00146784
-18.56 -0.0524277 0.00149804
-18.4 -0.0528769 0.00152848
-18.24 -0.0533324 0.00155913
-18.08 -0.0537945 0.00158999
-17.92 -0.0542638 0.00162111
-17.76 -0.0547406 0.00165253
-17.6 -0.0552252 0.00168433
-17.44 -0.0557181 0.00171656
-17.28 -0.0562196 0.00174929
-17.12 -0.0567299 0.00178257
-16.96 -0.0572494 0.00181647
-16.8 -0.0577783 0.00185103
-16.64 -0.058317 0.00188631
-16.48 -0.0588658 0.00192237
-16.32 -0.0594249 0.00195926
-16.16 -0.0599948 0.00199702
-16 -0.0605756 0.0020357
-15.84 -0.061168 0.00207548
-15.68 -0.0617719 0.00211609
-15.52 -0.0623878 0.00215775
-15.36 -0.0630162 0.0022005
-15.2 -0.0636574 0.00224439
-15.04 -0.0643118 0.00228949
-14.88 -0.0649799 0.00233585
-14.72 -0.0656621 0.00238352
-14.56 -0.0663588 0.00243257
-14.4 -0.0670704 0.00248304
-14.24 -0.0677976 0.002535
-14.08 -0.0685408 0.00258851
-13.92 -0.0693005 0.00264364
-13.76 -0.0700773 0.00270047
-13.6 -0.0708718 0.00275905
-13.44 -0.0716846 0.00281947
-13.28 -0.0725164 0.00288181
-13.12 -0.0733678 0.00294615
-12.96 -0.0742395 0.00301258
-12.8 -0.0751323 0.00308119
-12.64 -0.0760469 0.00315208
-12.48 -0.0769842 0.00322535
-12.32 -0.0779451 0.0033011
-12.16 -0.0789303 0.00337946
-12 -0.079941 0.00346055
-11.84 -0.0809781 0.00354452
-11.68 -0.0820426 0.00363143
-11.52 -0.0831357 0.00372147
-11.36 -0.0842585 0.00381479
-11.2 -0.0854123 0.00391155
-11.04 -0.0865984 0.00401191
-10.88 -0.0878182 0.00411605
-10.72 -0.0890733 0.00422418
-10.56 -0.0903651 0.00433648
-10.4 -0.0916953 0.00445319
-10.24 -0.0930657 0.00457453
-10.08 -0.0944782 0.00470074
-9.92 -0.0959348 0.0048321
-9.76 -0.0974376 0.00496889
-9.6 -0.098989 0.00511141
-9.44 -0.100591 0.00525999
-9.28 -0.102247 0.00541498
-9.12 -0.10396 0.00557677
-8.96 -0.105731 0.00574577
-8.8 -0.107566 0.00592242
-8.64 -0.109466 0.00610722
-8.48 -0.111437 0.00630069
-8.32 -0.113481 0.00650342
-8.16 -0.115603 0.00671605
-8 -0.117809 0.00693926
-7.84 -0.120103 0.00717391
-7.68 -0.122491 0.00742067
-7.52 -0.124979 0.00768057
-7.36 -0.127574 0.00795468
-7.2 -0.130283 0.00824422
-7.04 -0.133114 0.00855055
-6.88 -0.136076 0.00887523
-6.72 -0.13918 0.00922006
-6.56 -0.142435 0.00958709
-6.4 -0.145854 0.00997872
-6.24 -0.14945 0.0103978
-6.08 -0.153239 0.0108476
-5.92 -0.157237 0.0113321
-5.76 -0.161463 0.0118562
-5.6 -0.165938 0.0124254
-5.44 -0.170687 0.013047
-5.28 -0.175737 0.0137296
-5.12 -0.181119 0.0144839
-4.96 -0.18687 0.0153236
-4.8 -0.193029 0.0162658
-4.64 -0.199645 0.0173323
-4.48 -0.206772 0.0185513
-4.32 -0.214472 0.0199593
-4.16 -0.222818 0.021604
-4 -0.231895 0.0235485
-3.84 -0.241798 0.0258768
-3.68 -0.252639 0.0287012
-3.52 -0.26454 0.0321735
-3.36 -0.277637 0.0364998
-3.2 -0.29207 0.0419605
-3.04 -0.30797 0.0489385
-2.88 -0.325428 0.0579529
-2.72 -0.344444 0.0696993
-2.56 -0.364827 0.0850846
-2.4 -0.38604 0.105229
-2.24 -0.406967 0.131373
-2.08 -0.425652 0.16459
-1.92 -0.439165 0.205173
-1.76 -0.443983 0.251733
-1.6 -0.437276 0.300493
-1.44 -0.41893 0.3458
-1.28 -0.392853 0.382436
-1.12 -0.36599 0.408452
-0.96 -0.345592 0.426225
-0.8 -0.337012 0.441368
-0.64 -0.343034 0.461266
-0.48 -0.363368 0.494929
-0.32 -0.391235 0.553875
-0.16 -0.403775 0.64876
0 -0.356315 0.76529
0.16 -0.232038 0.835628
0.32 -0.101285 0.817682
0.48 -0.0209504 0.761131
0.64 0.0195472 0.71584
0.8 0.0451318 0.69577
0.96 0.0729447 0.698824
1.12 0.114642 0.718092
1.28 0.17919 0.742761
1.44 0.270877 0.75631
1.6 0.382768 0.738395
1.76 0.492564 0.675749
1.92 0.572589 0.575308
2.08 0.608973 0.46108
2.24 0.607367 0.356075
2.4 0.58229 0.271194
2.56 0.546622 0.207178
2.72 0.508372 0.160372
2.88 0.471561 0.126423
3.04 0.437834 0.10168
3.2 0.407625 0.083433
3.36 0.380821 0.0697705
3.52 0.357097 0.0593677
3.68 0.336071 0.0513097
3.84 0.317376 0.044961
4 0.300682 0.0398762
4.16 0.285706 0.0357398
4.32 0.272207 0.0323251
4.48 0.259982 0.0294673
4.64 0.24886 0.0270451
4.8 0.238699 0.024968
4.96 0.229379 0.0231679
5.12 0.220797 0.0215928
5.28 0.212869 0.0202025
5.44 0.205519 0.0189656
5.6 0.198686 0.0178574
5.76 0.192314 0.0168582
5.92 0.186358 0.0159522
6.08 0.180777 0.0151266
6.24 0.175534 0.0143706
6.4 0.1706 0.0136757
6.56 0.165946 0.0130346
6.72 0.161549 0.0124411
6.88 0.157388 0.01189
7.04 0.153442 0.011377
7.2 0.149696 0.0108982
7.36 0.146134 0.0104503
7.52 0.142742 0.0100305
7.68 0.139508 0.00963627
7.84 0.136422 0.00926539
8 0.133472 0.00891583
8.16 0.130649 0.00858608
8.32 0.127947 0.00827451
8.48 0.125355 0.00797975
8.64 0.122869 0.00770056
8.8 0.120481 0.0074358
8.96 0.118186 0.00718446
9.12 0.115978 0.00694562
9.28 0.113852 0.00671843
9.44 0.111804 0.00650213
9.6 0.109829 0.00629602
9.76 0.107923 0.00609946
9.92 0.106083 0.00591186
10.08 0.104306 0.00573267
10.24 0.102588 0.00556139
10.4 0.100926 0.00539756
10.56 0.0993171 0.00524075
10.72 0.0977595 0.00509056
10.88 0.0962504 0.00494663
11.04 0.0947876 0.0048086
11.2 0.0933688 0.00467616
11.36 0.0919922 0.00454902
11.52 0.0906559 0.00442688
11.68 0.0893581 0.00430949
11.84 0.0880971 0.00419661
12 0.0868714 0.00408796
12.16 0.0856796 0.00398343
12.32 0.0845202 0.00388275
12.48 0.0833919 0.00378576
12.64 0.0822934 0.00369226
12.8 0.0812237 0.00360209
12.96 0.0801815 0.00351509
13.12 0.0791659 0.00343112
13.28 0.0781758 0.00335003
13.44 0.0772102 0.0032717
13.6 0.0762683 0.00319598
13.76 0.0753491 0.00312278
13.92 0.074452 0.00305197
14.08 0.073576 0.00298345
14.24 0.0727205 0.00291712
14.4 0.0718847 0.00285287
14.56 0.0710679 0.00279063
14.72 0.0702696 0.00273029
14.88 0.0694891 0.00267178
15.04 0.0687257 0.00261502
15.2 0.067979 0.00255992
15.36 0.0672484 0.00250642
15.52 0.0665334 0.00245444
15.68 0.0658334 0.0024039
15.84 0.0651481 0.00235473
16 0.0644766 0.00230668
16.16 0.063819 0.00226006
16.32 0.0631747 0.00221464
16.48 0.0625433 0.00217037
16.64 0.0619242 0.00212717
16.8 0.0613172 0.002085
16.96 0.0607219 0.00204377
17.12 0.0601379 0.00200343
17.28 0.0595649 0.0019639
17.44 0.0590023 0.00192511
17.6 0.05845 0.00188699
17.76 0.0579074 0.00184947
17.92 0.0573742 0.00181247
18.08 0.0568499 0.00177592
18.24 0.0563341 0.00173975
18.4 0.0558262 0.00170391
18.56 0.0553258 0.00166839
18.72 0.0548323 0.00163323
18.88 0.0543451 0.00159863
19.04 0.0538637 0.00156498
19.2 0.0533883 0.00153312
19.36 0.0529196 0.00150449
19.52 0.05246 0.00148142
19.68 0.0520142 0.0014669
19.84 0.0515882 0.00146299
20 0.0511715 0.00146654
